-18243.143	1	639
-18242.186	1	648
-18241.229	1	647
-18240.273	1	656
-18239.316	1	648
-18238.360	1	647
-18237.404	1	639
-18236.447	1	643
-18235.492	1	632
-18234.536	1	644
-18233.580	1	639
-18232.625	1	632
-18231.669	1	633
-18230.714	1	644
-18229.759	1	649
-18228.805	1	640
-18227.850	1	647
-18226.895	1	643
-18225.941	1	640
-18224.987	1	640
-18224.033	1	639
-18223.079	1	644
-18222.126	1	653
-18221.172	1	647
-18220.219	1	641
-18219.265	1	649
-18218.312	1	638
-18217.360	1	659
-18216.407	1	651
-18215.454	1	636
-18214.502	1	650
-18213.550	1	642
-18212.598	1	634
-18211.646	1	647
-18210.694	1	636
-18209.742	1	644
-18208.791	1	645
-18207.840	1	646
-18206.888	1	630
-18205.937	1	640
-18204.987	1	646
-18204.036	1	641
-18203.086	1	641
-18202.135	1	645
-18201.185	1	658
-18200.235	1	639
-18199.285	1	643
-18198.335	1	641
-18197.386	1	652
-18196.437	1	633
-18195.487	1	639
-18194.538	1	647
-18193.589	1	640
-18192.641	1	646
-18191.692	1	653
-18190.744	1	647
-18189.795	1	651
-18188.847	1	639
-18187.899	1	640
-18186.952	1	647
-18186.004	1	656
-18185.057	1	644
-18184.109	1	650
-18183.162	1	641
-18182.215	1	653
-18181.268	1	647
-18180.322	1	656
-18179.375	1	666
-18178.429	1	667
-18177.482	1	684
-18176.536	1	665
-18175.591	1	644
-18174.645	1	662
-18173.699	1	663
-18172.754	1	641
-18171.809	1	651
-18170.863	1	644
-18169.919	1	637
-18168.974	1	647
-18168.029	1	655
-18167.085	1	653
-18166.140	1	652
-18165.196	1	637
-18164.252	1	656
-18163.308	1	647
-18162.365	1	639
-18161.421	1	625
-18160.478	1	651
-18159.535	1	655
-18158.592	1	657
-18157.649	1	655
-18156.706	1	649
-18155.763	1	635
-18154.821	1	648
-18153.879	1	659
-18152.937	1	654
-18151.995	1	653
-18151.053	1	659
-18150.111	1	655
-18149.170	1	642
-18148.229	1	651
-18147.287	1	644
-18146.346	1	655
-18145.406	1	639
-18144.465	1	646
-18143.524	1	648
-18142.584	1	654
-18141.644	1	651
-18140.704	1	656
-18139.764	1	650
-18138.824	1	643
-18137.884	1	645
-18136.945	1	628
-18136.006	1	645
-18135.067	1	659
-18134.128	1	647
-18133.189	1	651
-18132.250	1	642
-18131.312	1	648
-18130.373	1	643
-18129.435	1	643
-18128.497	1	654
-18127.559	1	648
-18126.622	1	655
-18125.684	1	645
-18124.747	1	642
-18123.809	1	655
-18122.872	1	633
-18121.935	1	651
-18120.999	1	644
-18120.062	1	647
-18119.126	1	653
-18118.189	1	641
-18117.253	1	658
-18116.317	1	642
-18115.381	1	655
-18114.446	1	653
-18113.510	1	649
-18112.575	1	654
-18111.640	1	641
-18110.705	1	642
-18109.770	1	646
-18108.835	1	644
-18107.900	1	651
-18106.966	1	637
-18106.032	1	653
-18105.097	1	652
-18104.164	1	644
-18103.230	1	654
-18102.296	1	636
-18101.363	1	644
-18100.429	1	647
-18099.496	1	636
-18098.563	1	642
-18097.630	1	655
-18096.697	1	661
-18095.765	1	653
-18094.832	1	642
-18093.900	1	643
-18092.968	1	654
-18092.036	1	649
-18091.104	1	645
-18090.173	1	638
-18089.241	1	644
-18088.310	1	645
-18087.379	1	652
-18086.448	1	638
-18085.517	1	648
-18084.586	1	665
-18083.656	1	649
-18082.725	1	646
-18081.795	1	648
-18080.865	1	653
-18079.935	1	637
-18079.005	1	645
-18078.076	1	654
-18077.146	1	637
-18076.217	1	655
-18075.288	1	652
-18074.359	1	642
-18073.430	1	649
-18072.501	1	649
-18071.573	1	647
-18070.644	1	648
-18069.716	1	655
-18068.788	1	641
-18067.860	1	652
-18066.932	1	645
-18066.005	1	641
-18065.077	1	640
-18064.150	1	643
-18063.223	1	655
-18062.296	1	638
-18061.369	1	639
-18060.442	1	650
-18059.516	1	643
-18058.589	1	645
-18057.663	1	638
-18056.737	1	649
-18055.811	1	652
-18054.885	1	639
-18053.960	1	637
-18053.034	1	650
-18052.109	1	646
-18051.184	1	646
-18050.259	1	656
-18049.334	1	646
-18048.409	1	659
-18047.485	1	640
-18046.560	1	636
-18045.636	1	665
-18044.712	1	630
-18043.788	1	645
-18042.864	1	660
-18041.941	1	647
-18041.017	1	643
-18040.094	1	640
-18039.171	1	643
-18038.248	1	647
-18037.325	1	650
-18036.402	1	651
-18035.480	1	637
-18034.557	1	635
-18033.635	1	650
-18032.713	1	646
-18031.791	1	644
-18030.869	1	648
-18029.948	1	646
-18029.026	1	648
-18028.105	1	647
-18027.184	1	652
-18026.263	1	655
-18025.342	1	665
-18024.421	1	644
-18023.501	1	654
-18022.580	1	652
-18021.660	1	648
-18020.740	1	658
-18019.820	1	638
-18018.900	1	657
-18017.981	1	662
-18017.061	1	660
-18016.142	1	664
-18015.223	1	652
-18014.304	1	659
-18013.385	1	646
-18012.466	1	644
-18011.547	1	659
-18010.629	1	652
-18009.711	1	662
-18008.793	1	655
-18007.875	1	641
-18006.957	1	653
-18006.039	1	644
-18005.122	1	642
-18004.204	1	641
-18003.287	1	654
-18002.370	1	640
-18001.453	1	634
-18000.536	1	640
-17999.620	1	640
-17998.703	1	640
-17997.787	1	634
-17996.871	1	653
-17995.955	1	637
-17995.039	1	641
-17994.123	1	647
-17993.208	1	658
-17992.293	1	638
-17991.377	1	654
-17990.462	1	643
-17989.547	1	647
-17988.633	1	653
-17987.718	1	652
-17986.804	1	644
-17985.889	1	647
-17984.975	1	653
-17984.061	1	659
-17983.147	1	655
-17982.233	1	639
-17981.320	1	646
-17980.406	1	658
-17979.493	1	647
-17978.580	1	659
-17977.667	1	654
-17976.754	1	646
-17975.842	1	648
-17974.929	1	644
-17974.017	1	664
-17973.105	1	658
-17972.193	1	654
-17971.281	1	661
-17970.369	1	652
-17969.457	1	642
-17968.546	1	653
-17967.635	1	651
-17966.723	1	644
-17965.812	1	634
-17964.902	1	651
-17963.991	1	646
-17963.080	1	647
-17962.170	1	634
-17961.260	1	655
-17960.350	1	653
-17959.440	1	661
-17958.530	1	656
-17957.620	1	645
-17956.711	1	637
-17955.802	1	634
-17954.892	1	650
-17953.983	1	639
-17953.074	1	641
-17952.166	1	648
-17951.257	1	648
-17950.349	1	647
-17949.440	1	655
-17948.532	1	647
-17947.624	1	644
-17946.716	1	644
-17945.809	1	652
-17944.901	1	654
-17943.994	1	659
-17943.087	1	639
-17942.179	1	650
-17941.273	1	653
-17940.366	1	635
-17939.459	1	652
-17938.553	1	636
-17937.646	1	647
-17936.740	1	636
-17935.834	1	646
-17934.928	1	645
-17934.022	1	655
-17933.117	1	633
-17932.211	1	640
-17931.306	1	637
-17930.401	1	655
-17929.496	1	654
-17928.591	1	659
-17927.686	1	647
-17926.782	1	652
-17925.878	1	660
-17924.973	1	654
-17924.069	1	657
-17923.165	1	640
-17922.261	1	635
-17921.358	1	645
-17920.454	1	654
-17919.551	1	660
-17918.648	1	633
-17917.745	1	666
-17916.842	1	642
-17915.939	1	641
-17915.036	1	649
-17914.134	1	648
-17913.232	1	641
-17912.330	1	643
-17911.428	1	646
-17910.526	1	645
-17909.624	1	650
-17908.722	1	649
-17907.821	1	638
-17906.920	1	653
-17906.019	1	645
-17905.118	1	649
-17904.217	1	638
-17903.316	1	641
-17902.416	1	632
-17901.515	1	646
-17900.615	1	646
-17899.715	1	648
-17898.815	1	648
-17897.915	1	646
-17897.016	1	646
-17896.116	1	651
-17895.217	1	659
-17894.318	1	634
-17893.419	1	647
-17892.520	1	656
-17891.621	1	646
-17890.722	1	647
-17889.824	1	631
-17888.926	1	640
-17888.028	1	650
-17887.130	1	642
-17886.232	1	634
-17885.334	1	641
-17884.436	1	651
-17883.539	1	651
-17882.642	1	645
-17881.745	1	647
-17880.848	1	651
-17879.951	1	649
-17879.054	1	644
-17878.158	1	639
-17877.261	1	652
-17876.365	1	646
-17875.469	1	648
-17874.573	1	637
-17873.677	1	641
-17872.782	1	644
-17871.886	1	649
-17870.991	1	634
-17870.096	1	650
-17869.201	1	651
-17868.306	1	644
-17867.411	1	645
-17866.516	1	641
-17865.622	1	644
-17864.728	1	650
-17863.833	1	647
-17862.939	1	651
-17862.045	1	641
-17861.152	1	646
-17860.258	1	633
-17859.365	1	654
-17858.471	1	642
-17857.578	1	647
-17856.685	1	645
-17855.793	1	638
-17854.900	1	632
-17854.007	1	643
-17853.115	1	656
-17852.223	1	630
-17851.331	1	643
-17850.439	1	648
-17849.547	1	642
-17848.655	1	634
-17847.764	1	645
-17846.872	1	642
-17845.981	1	635
-17845.090	1	644
-17844.199	1	636
-17843.308	1	639
-17842.418	1	650
-17841.527	1	640
-17840.637	1	650
-17839.746	1	638
-17838.856	1	644
-17837.967	1	645
-17837.077	1	638
-17836.187	1	652
-17835.298	1	639
-17834.408	1	651
-17833.519	1	644
-17832.630	1	642
-17831.741	1	657
-17830.853	1	644
-17829.964	1	641
-17829.075	1	650
-17828.187	1	641
-17827.299	1	638
-17826.411	1	636
-17825.523	1	634
-17824.635	1	647
-17823.748	1	650
-17822.860	1	649
-17821.973	1	635
-17821.086	1	646
-17820.199	1	650
-17819.312	1	646
-17818.426	1	643
-17817.539	1	638
-17816.653	1	645
-17815.766	1	653
-17814.880	1	645
-17813.994	1	650
-17813.108	1	631
-17812.223	1	646
-17811.337	1	644
-17810.452	1	641
-17809.567	1	636
-17808.681	1	651
-17807.797	1	635
-17806.912	1	655
-17806.027	1	647
-17805.143	1	640
-17804.258	1	641
-17803.374	1	655
-17802.490	1	646
-17801.606	1	638
-17800.722	1	655
-17799.838	1	637
-17798.955	1	651
-17798.072	1	650
-17797.188	1	644
-17796.305	1	652
-17795.422	1	649
-17794.540	1	637
-17793.657	1	646
-17792.775	1	646
-17791.892	1	653
-17791.010	1	639
-17790.128	1	643
-17789.246	1	638
-17788.364	1	636
-17787.483	1	640
-17786.601	1	664
-17785.720	1	648
-17784.839	1	649
-17783.958	1	644
-17783.077	1	642
-17782.196	1	648
-17781.315	1	652
-17780.435	1	642
-17779.555	1	638
-17778.674	1	641
-17777.794	1	647
-17776.914	1	651
-17776.035	1	653
-17775.155	1	644
-17774.276	1	640
-17773.396	1	653
-17772.517	1	648
-17771.638	1	643
-17770.759	1	641
-17769.881	1	651
-17769.002	1	666
-17768.124	1	642
-17767.245	1	643
-17766.367	1	646
-17765.489	1	645
-17764.611	1	642
-17763.733	1	653
-17762.856	1	648
-17761.978	1	646
-17761.101	1	633
-17760.224	1	642
-17759.347	1	651
-17758.470	1	644
-17757.593	1	637
-17756.717	1	650
-17755.840	1	650
-17754.964	1	628
-17754.088	1	656
-17753.212	1	648
-17752.336	1	633
-17751.460	1	649
-17750.585	1	630
-17749.709	1	646
-17748.834	1	636
-17747.959	1	625
-17747.084	1	656
-17746.209	1	643
-17745.334	1	643
-17744.460	1	627
-17743.585	1	650
-17742.711	1	651
-17741.837	1	645
-17740.963	1	645
-17740.089	1	642
-17739.215	1	639
-17738.342	1	652
-17737.468	1	642
-17736.595	1	650
-17735.722	1	650
-17734.849	1	641
-17733.976	1	643
-17733.103	1	638
-17732.231	1	646
-17731.358	1	644
-17730.486	1	640
-17729.614	1	645
-17728.742	1	640
-17727.870	1	640
-17726.998	1	652
-17726.127	1	640
-17725.255	1	642
-17724.384	1	643
-17723.513	1	644
-17722.642	1	637
-17721.771	1	641
-17720.900	1	645
-17720.030	1	652
-17719.159	1	655
-17718.289	1	646
-17717.419	1	638
-17716.549	1	646
-17715.679	1	650
-17714.809	1	641
-17713.940	1	642
-17713.070	1	641
-17712.201	1	646
-17711.332	1	635
-17710.463	1	641
-17709.594	1	647
-17708.725	1	643
-17707.857	1	633
-17706.988	1	651
-17706.120	1	653
-17705.252	1	642
-17704.384	1	643
-17703.516	1	649
-17702.648	1	654
-17701.781	1	631
-17700.913	1	640
-17700.046	1	631
-17699.179	1	652
-17698.312	1	644
-17697.445	1	650
-17696.578	1	648
-17695.711	1	648
-17694.845	1	651
-17693.979	1	642
-17693.112	1	648
-17692.246	1	643
-17691.381	1	644
-17690.515	1	641
-17689.649	1	648
-17688.784	1	640
-17687.918	1	649
-17687.053	1	648
-17686.188	1	653
-17685.323	1	644
-17684.458	1	643
-17683.594	1	648
-17682.729	1	644
-17681.865	1	646
-17681.001	1	645
-17680.137	1	641
-17679.273	1	635
-17678.409	1	635
-17677.545	1	641
-17676.682	1	650
-17675.819	1	639
-17674.955	1	641
-17674.092	1	642
-17673.229	1	645
-17672.367	1	638
-17671.504	1	645
-17670.641	1	650
-17669.779	1	642
-17668.917	1	638
-17668.055	1	636
-17667.193	1	639
-17666.331	1	654
-17665.469	1	632
-17664.608	1	646
-17663.746	1	647
-17662.885	1	640
-17662.024	1	627
-17661.163	1	656
-17660.302	1	648
-17659.441	1	641
-17658.581	1	632
-17657.721	1	652
-17656.860	1	652
-17656.000	1	642
-17655.140	1	643
-17654.280	1	642
-17653.421	1	640
-17652.561	1	630
-17651.702	1	642
-17650.842	1	640
-17649.983	1	643
-17649.124	1	642
-17648.265	1	639
-17647.407	1	645
-17646.548	1	642
-17645.690	1	634
-17644.831	1	649
-17643.973	1	644
-17643.115	1	634
-17642.257	1	638
-17641.399	1	638
-17640.542	1	631
-17639.684	1	646
-17638.827	1	651
-17637.970	1	649
-17637.113	1	628
-17636.256	1	638
-17635.399	1	650
-17634.542	1	645
-17633.686	1	636
-17632.830	1	639
-17631.973	1	639
-17631.117	1	651
-17630.261	1	652
-17629.406	1	648
-17628.550	1	644
-17627.694	1	638
-17626.839	1	646
-17625.984	1	652
-17625.129	1	645
-17624.274	1	646
-17623.419	1	640
-17622.564	1	641
-17621.710	1	624
-17620.855	1	643
-17620.001	1	640
-17619.147	1	641
-17618.293	1	641
-17617.439	1	647
-17616.585	1	640
-17615.732	1	644
-17614.878	1	643
-17614.025	1	651
-17613.172	1	637
-17612.319	1	651
-17611.466	1	634
-17610.613	1	652
-17609.761	1	644
-17608.908	1	653
-17608.056	1	648
-17607.204	1	643
-17606.352	1	650
-17605.500	1	638
-17604.648	1	646
-17603.796	1	648
-17602.945	1	638
-17602.094	1	640
-17601.242	1	643
-17600.391	1	650
-17599.540	1	645
-17598.689	1	653
-17597.839	1	654
-17596.988	1	646
-17596.138	1	639
-17595.288	1	638
-17594.438	1	645
-17593.588	1	650
-17592.738	1	654
-17591.888	1	652
-17591.038	1	644
-17590.189	1	639
-17589.340	1	644
-17588.491	1	640
-17587.642	1	643
-17586.793	1	643
-17585.944	1	647
-17585.095	1	647
-17584.247	1	642
-17583.399	1	649
-17582.550	1	652
-17581.702	1	640
-17580.855	1	652
-17580.007	1	638
-17579.159	1	640
-17578.312	1	654
-17577.464	1	644
-17576.617	1	651
-17575.770	1	647
-17574.923	1	629
-17574.076	1	639
-17573.230	1	648
-17572.383	1	646
-17571.537	1	642
-17570.690	1	648
-17569.844	1	618
-17568.998	1	645
-17568.152	1	643
-17567.307	1	638
-17566.461	1	642
-17565.616	1	646
-17564.770	1	642
-17563.925	1	645
-17563.080	1	640
-17562.235	1	643
-17561.391	1	646
-17560.546	1	633
-17559.702	1	653
-17558.857	1	641
-17558.013	1	644
-17557.169	1	646
-17556.325	1	629
-17555.481	1	638
-17554.638	1	631
-17553.794	1	628
-17552.951	1	644
-17552.108	1	639
-17551.264	1	649
-17550.421	1	642
-17549.579	1	645
-17548.736	1	643
-17547.893	1	630
-17547.051	1	638
-17546.209	1	629
-17545.367	1	642
-17544.525	1	637
-17543.683	1	648
-17542.841	1	636
-17541.999	1	636
-17541.158	1	653
-17540.316	1	637
-17539.475	1	640
-17538.634	1	638
-17537.793	1	643
-17536.953	1	634
-17536.112	1	632
-17535.271	1	643
-17534.431	1	621
-17533.591	1	644
-17532.751	1	645
-17531.911	1	640
-17531.071	1	642
-17530.231	1	637
-17529.392	1	626
-17528.552	1	642
-17527.713	1	639
-17526.874	1	649
-17526.035	1	646
-17525.196	1	639
-17524.357	1	631
-17523.518	1	641
-17522.680	1	652
-17521.842	1	646
-17521.003	1	648
-17520.165	1	635
-17519.327	1	645
-17518.490	1	637
-17517.652	1	643
-17516.815	1	630
-17515.977	1	649
-17515.140	1	643
-17514.303	1	638
-17513.466	1	647
-17512.629	1	643
-17511.792	1	646
-17510.956	1	643
-17510.119	1	636
-17509.283	1	647
-17508.447	1	654
-17507.611	1	636
-17506.775	1	647
-17505.939	1	636
-17505.103	1	641
-17504.268	1	637
-17503.433	1	641
-17502.597	1	638
-17501.762	1	645
-17500.927	1	638
-17500.092	1	632
-17499.258	1	647
-17498.423	1	647
-17497.589	1	652
-17496.755	1	635
-17495.920	1	645
-17495.086	1	649
-17494.252	1	655
-17493.419	1	651
-17492.585	1	639
-17491.752	1	638
-17490.918	1	644
-17490.085	1	640
-17489.252	1	639
-17488.419	1	636
-17487.586	1	648
-17486.754	1	642
-17485.921	1	657
-17485.089	1	651
-17484.257	1	650
-17483.424	1	638
-17482.592	1	642
-17481.761	1	645
-17480.929	1	654
-17480.097	1	648
-17479.266	1	641
-17478.434	1	641
-17477.603	1	648
-17476.772	1	640
-17475.941	1	647
-17475.111	1	637
-17474.280	1	656
-17473.449	1	640
-17472.619	1	640
-17471.789	1	634
-17470.959	1	648
-17470.129	1	629
-17469.299	1	637
-17468.469	1	636
-17467.640	1	637
-17466.810	1	644
-17465.981	1	647
-17465.152	1	636
-17464.323	1	645
-17463.494	1	645
-17462.665	1	641
-17461.836	1	636
-17461.008	1	651
-17460.179	1	644
-17459.351	1	645
-17458.523	1	648
-17457.695	1	643
-17456.867	1	658
-17456.040	1	651
-17455.212	1	639
-17454.385	1	649
-17453.557	1	636
-17452.730	1	657
-17451.903	1	652
-17451.076	1	630
-17450.249	1	626
-17449.423	1	644
-17448.596	1	639
-17447.770	1	653
-17446.944	1	638
-17446.118	1	649
-17445.292	1	653
-17444.466	1	649
-17443.640	1	638
-17442.814	1	636
-17441.989	1	640
-17441.164	1	643
-17440.339	1	648
-17439.514	1	654
-17438.689	1	641
-17437.864	1	646
-17437.039	1	638
-17436.215	1	642
-17435.390	1	648
-17434.566	1	653
-17433.742	1	652
-17432.918	1	658
-17432.094	1	653
-17431.270	1	652
-17430.447	1	653
-17429.623	1	649
-17428.800	1	647
-17427.977	1	640
-17427.154	1	648
-17426.331	1	656
-17425.508	1	635
-17424.686	1	647
-17423.863	1	655
-17423.041	1	641
-17422.218	1	643
-17421.396	1	657
-17420.574	1	643
-17419.752	1	633
-17418.931	1	649
-17418.109	1	641
-17417.288	1	640
-17416.466	1	647
-17415.645	1	632
-17414.824	1	641
-17414.003	1	634
-17413.182	1	649
-17412.362	1	652
-17411.541	1	651
-17410.721	1	648
-17409.901	1	643
-17409.080	1	643
-17408.260	1	650
-17407.441	1	635
-17406.621	1	643
-17405.801	1	642
-17404.982	1	638
-17404.162	1	642
-17403.343	1	646
-17402.524	1	638
-17401.705	1	624
-17400.886	1	634
-17400.068	1	648
-17399.249	1	640
-17398.431	1	636
-17397.612	1	649
-17396.794	1	648
-17395.976	1	632
-17395.158	1	644
-17394.341	1	649
-17393.523	1	634
-17392.705	1	635
-17391.888	1	639
-17391.071	1	641
-17390.254	1	637
-17389.437	1	642
-17388.620	1	654
-17387.803	1	636
-17386.987	1	644
-17386.170	1	636
-17385.354	1	640
-17384.538	1	638
-17383.722	1	633
-17382.906	1	643
-17382.090	1	636
-17381.274	1	627
-17380.459	1	630
-17379.643	1	633
-17378.828	1	658
-17378.013	1	647
-17377.198	1	639
-17376.383	1	653
-17375.568	1	637
-17374.754	1	647
-17373.939	1	643
-17373.125	1	649
-17372.311	1	636
-17371.497	1	633
-17370.683	1	633
-17369.869	1	628
-17369.055	1	638
-17368.242	1	652
-17367.428	1	653
-17366.615	1	642
-17365.802	1	647
-17364.989	1	634
-17364.176	1	629
-17363.363	1	640
-17362.550	1	641
-17361.738	1	647
-17360.925	1	630
-17360.113	1	641
-17359.301	1	646
-17358.489	1	641
-17357.677	1	639
-17356.865	1	641
-17356.054	1	632
-17355.242	1	639
-17354.431	1	642
-17353.620	1	639
-17352.809	1	631
-17351.998	1	641
-17351.187	1	637
-17350.376	1	645
-17349.566	1	650
-17348.755	1	644
-17347.945	1	638
-17347.135	1	646
-17346.325	1	640
-17345.515	1	631
-17344.705	1	645
-17343.895	1	635
-17343.086	1	646
-17342.276	1	642
-17341.467	1	636
-17340.658	1	648
-17339.849	1	638
-17339.040	1	640
-17338.231	1	640
-17337.423	1	635
-17336.614	1	645
-17335.806	1	640
-17334.998	1	636
-17334.190	1	636
-17333.382	1	639
-17332.574	1	635
-17331.766	1	645
-17330.959	1	649
-17330.151	1	635
-17329.344	1	641
-17328.537	1	633
-17327.730	1	633
-17326.923	1	641
-17326.116	1	646
-17325.309	1	631
-17324.503	1	641
-17323.696	1	646
-17322.890	1	632
-17322.084	1	642
-17321.278	1	647
-17320.472	1	641
-17319.666	1	648
-17318.860	1	641
-17318.055	1	632
-17317.250	1	636
-17316.444	1	639
-17315.639	1	638
-17314.834	1	634
-17314.029	1	631
-17313.225	1	641
-17312.420	1	631
-17311.616	1	632
-17310.811	1	640
-17310.007	1	637
-17309.203	1	646
-17308.399	1	632
-17307.595	1	630
-17306.791	1	646
-17305.988	1	639
-17305.184	1	643
-17304.381	1	648
-17303.578	1	646
-17302.775	1	646
-17301.972	1	641
-17301.169	1	624
-17300.366	1	640
-17299.564	1	648
-17298.761	1	646
-17297.959	1	646
-17297.157	1	646
-17296.355	1	647
-17295.553	1	655
-17294.751	1	643
-17293.950	1	652
-17293.148	1	647
-17292.347	1	644
-17291.545	1	655
-17290.744	1	645
-17289.943	1	647
-17289.142	1	652
-17288.342	1	653
-17287.541	1	646
-17286.741	1	648
-17285.940	1	647
-17285.140	1	654
-17284.340	1	657
-17283.540	1	649
-17282.740	1	649
-17281.940	1	656
-17281.141	1	638
-17280.341	1	653
-17279.542	1	640
-17278.743	1	655
-17277.944	1	640
-17277.145	1	640
-17276.346	1	643
-17275.547	1	650
-17274.749	1	647
-17273.950	1	650
-17273.152	1	639
-17272.354	1	637
-17271.556	1	643
-17270.758	1	642
-17269.960	1	646
-17269.162	1	644
-17268.365	1	640
-17267.567	1	648
-17266.770	1	643
-17265.973	1	637
-17265.176	1	646
-17264.379	1	634
-17263.582	1	627
-17262.785	1	640
-17261.989	1	632
-17261.192	1	632
-17260.396	1	640
-17259.600	1	636
-17258.804	1	640
-17258.008	1	635
-17257.212	1	633
-17256.417	1	650
-17255.621	1	638
-17254.826	1	638
-17254.030	1	648
-17253.235	1	644
-17252.440	1	641
-17251.645	1	635
-17250.851	1	648
-17250.056	1	649
-17249.262	1	648
-17248.467	1	640
-17247.673	1	627
-17246.879	1	631
-17246.085	1	643
-17245.291	1	640
-17244.497	1	641
-17243.704	1	631
-17242.910	1	647
-17242.117	1	637
-17241.324	1	642
-17240.530	1	640
-17239.737	1	648
-17238.945	1	634
-17238.152	1	642
-17237.359	1	631
-17236.567	1	643
-17235.775	1	647
-17234.982	1	647
-17234.190	1	644
-17233.398	1	646
-17232.606	1	628
-17231.815	1	650
-17231.023	1	631
-17230.232	1	643
-17229.440	1	639
-17228.649	1	648
-17227.858	1	642
-17227.067	1	650
-17226.276	1	644
-17225.486	1	625
-17224.695	1	651
-17223.905	1	646
-17223.114	1	641
-17222.324	1	647
-17221.534	1	643
-17220.744	1	627
-17219.954	1	649
-17219.165	1	650
-17218.375	1	654
-17217.586	1	641
-17216.796	1	651
-17216.007	1	642
-17215.218	1	634
-17214.429	1	636
-17213.640	1	642
-17212.852	1	637
-17212.063	1	633
-17211.275	1	635
-17210.486	1	639
-17209.698	1	641
-17208.910	1	638
-17208.122	1	637
-17207.334	1	625
-17206.547	1	626
-17205.759	1	649
-17204.972	1	647
-17204.184	1	645
-17203.397	1	633
-17202.610	1	630
-17201.823	1	638
-17201.036	1	636
-17200.250	1	646
-17199.463	1	646
-17198.677	1	646
-17197.890	1	636
-17197.104	1	647
-17196.318	1	635
-17195.532	1	642
-17194.746	1	641
-17193.961	1	638
-17193.175	1	638
-17192.390	1	643
-17191.605	1	642
-17190.819	1	642
-17190.034	1	631
-17189.249	1	651
-17188.465	1	638
-17187.680	1	629
-17186.895	1	633
-17186.111	1	638
-17185.327	1	655
-17184.543	1	642
-17183.758	1	630
-17182.975	1	641
-17182.191	1	633
-17181.407	1	641
-17180.624	1	643
-17179.840	1	637
-17179.057	1	639
-17178.274	1	640
-17177.491	1	630
-17176.708	1	626
-17175.925	1	636
-17175.142	1	636
-17174.360	1	643
-17173.577	1	627
-17172.795	1	625
-17172.013	1	640
-17171.231	1	621
-17170.449	1	633
-17169.667	1	643
-17168.885	1	633
-17168.104	1	641
-17167.322	1	630
-17166.541	1	629
-17165.760	1	644
-17164.979	1	642
-17164.198	1	644
-17163.417	1	643
-17162.636	1	638
-17161.856	1	626
-17161.075	1	642
-17160.295	1	641
-17159.515	1	639
-17158.735	1	644
-17157.955	1	630
-17157.175	1	644
-17156.395	1	633
-17155.616	1	643
-17154.836	1	636
-17154.057	1	650
-17153.278	1	649
-17152.499	1	655
-17151.720	1	642
-17150.941	1	632
-17150.162	1	644
-17149.384	1	657
-17148.605	1	648
-17147.827	1	640
-17147.049	1	636
-17146.271	1	632
-17145.493	1	643
-17144.715	1	646
-17143.937	1	650
-17143.160	1	637
-17142.382	1	641
-17141.605	1	651
-17140.828	1	654
-17140.051	1	640
-17139.274	1	641
-17138.497	1	627
-17137.720	1	645
-17136.943	1	651
-17136.167	1	644
-17135.391	1	638
-17134.614	1	633
-17133.838	1	626
-17133.062	1	649
-17132.286	1	646
-17131.511	1	640
-17130.735	1	646
-17129.960	1	630
-17129.184	1	641
-17128.409	1	635
-17127.634	1	635
-17126.859	1	634
-17126.084	1	642
-17125.309	1	649
-17124.535	1	642
-17123.760	1	634
-17122.986	1	637
-17122.212	1	637
-17121.437	1	631
-17120.663	1	632
-17119.890	1	639
-17119.116	1	638
-17118.342	1	638
-17117.569	1	630
-17116.795	1	635
-17116.022	1	634
-17115.249	1	627
-17114.476	1	640
-17113.703	1	627
-17112.930	1	632
-17112.157	1	635
-17111.385	1	624
-17110.613	1	632
-17109.840	1	634
-17109.068	1	639
-17108.296	1	631
-17107.524	1	633
-17106.752	1	632
-17105.981	1	625
-17105.209	1	637
-17104.438	1	635
-17103.666	1	634
-17102.895	1	629
-17102.124	1	630
-17101.353	1	643
-17100.582	1	637
-17099.812	1	635
-17099.041	1	634
-17098.271	1	630
-17097.500	1	637
-17096.730	1	636
-17095.960	1	646
-17095.190	1	633
-17094.420	1	636
-17093.650	1	626
-17092.881	1	651
