-18243.143	1	634
-18242.186	1	657
-18241.229	1	642
-18240.273	1	646
-18239.316	1	651
-18238.360	1	639
-18237.404	1	643
-18236.447	1	654
-18235.492	1	640
-18234.536	1	660
-18233.580	1	642
-18232.625	1	643
-18231.669	1	651
-18230.714	1	648
-18229.759	1	656
-18228.805	1	650
-18227.850	1	654
-18226.895	1	643
-18225.941	1	642
-18224.987	1	637
-18224.033	1	645
-18223.079	1	646
-18222.126	1	650
-18221.172	1	648
-18220.219	1	654
-18219.265	1	650
-18218.312	1	651
-18217.360	1	639
-18216.407	1	650
-18215.454	1	635
-18214.502	1	652
-18213.550	1	655
-18212.598	1	640
-18211.646	1	651
-18210.694	1	646
-18209.742	1	661
-18208.791	1	650
-18207.840	1	650
-18206.888	1	650
-18205.937	1	640
-18204.987	1	651
-18204.036	1	641
-18203.086	1	638
-18202.135	1	640
-18201.185	1	651
-18200.235	1	640
-18199.285	1	648
-18198.335	1	652
-18197.386	1	657
-18196.437	1	650
-18195.487	1	642
-18194.538	1	654
-18193.589	1	651
-18192.641	1	657
-18191.692	1	642
-18190.744	1	650
-18189.795	1	656
-18188.847	1	656
-18187.899	1	644
-18186.952	1	637
-18186.004	1	651
-18185.057	1	656
-18184.109	1	644
-18183.162	1	648
-18182.215	1	648
-18181.268	1	649
-18180.322	1	660
-18179.375	1	665
-18178.429	1	673
-18177.482	1	677
-18176.536	1	658
-18175.591	1	671
-18174.645	1	665
-18173.699	1	662
-18172.754	1	641
-18171.809	1	638
-18170.863	1	652
-18169.919	1	651
-18168.974	1	640
-18168.029	1	641
-18167.085	1	640
-18166.140	1	647
-18165.196	1	642
-18164.252	1	651
-18163.308	1	656
-18162.365	1	644
-18161.421	1	652
-18160.478	1	639
-18159.535	1	646
-18158.592	1	651
-18157.649	1	650
-18156.706	1	663
-18155.763	1	650
-18154.821	1	657
-18153.879	1	647
-18152.937	1	636
-18151.995	1	645
-18151.053	1	637
-18150.111	1	664
-18149.170	1	644
-18148.229	1	644
-18147.287	1	643
-18146.346	1	642
-18145.406	1	654
-18144.465	1	644
-18143.524	1	641
-18142.584	1	651
-18141.644	1	656
-18140.704	1	638
-18139.764	1	653
-18138.824	1	650
-18137.884	1	634
-18136.945	1	642
-18136.006	1	648
-18135.067	1	639
-18134.128	1	654
-18133.189	1	642
-18132.250	1	663
-18131.312	1	646
-18130.373	1	646
-18129.435	1	647
-18128.497	1	653
-18127.559	1	648
-18126.622	1	641
-18125.684	1	652
-18124.747	1	638
-18123.809	1	644
-18122.872	1	644
-18121.935	1	636
-18120.999	1	656
-18120.062	1	646
-18119.126	1	661
-18118.189	1	647
-18117.253	1	648
-18116.317	1	650
-18115.381	1	648
-18114.446	1	653
-18113.510	1	646
-18112.575	1	653
-18111.640	1	650
-18110.705	1	645
-18109.770	1	647
-18108.835	1	658
-18107.900	1	635
-18106.966	1	646
-18106.032	1	650
-18105.097	1	643
-18104.164	1	649
-18103.230	1	648
-18102.296	1	642
-18101.363	1	637
-18100.429	1	639
-18099.496	1	654
-18098.563	1	655
-18097.630	1	659
-18096.697	1	636
-18095.765	1	646
-18094.832	1	642
-18093.900	1	642
-18092.968	1	655
-18092.036	1	654
-18091.104	1	651
-18090.173	1	636
-18089.241	1	654
-18088.310	1	648
-18087.379	1	639
-18086.448	1	645
-18085.517	1	639
-18084.586	1	649
-18083.656	1	648
-18082.725	1	659
-18081.795	1	650
-18080.865	1	651
-18079.935	1	650
-18079.005	1	652
-18078.076	1	651
-18077.146	1	639
-18076.217	1	660
-18075.288	1	660
-18074.359	1	646
-18073.430	1	640
-18072.501	1	650
-18071.573	1	661
-18070.644	1	637
-18069.716	1	654
-18068.788	1	650
-18067.860	1	651
-18066.932	1	648
-18066.005	1	660
-18065.077	1	642
-18064.150	1	647
-18063.223	1	640
-18062.296	1	646
-18061.369	1	649
-18060.442	1	655
-18059.516	1	652
-18058.589	1	647
-18057.663	1	638
-18056.737	1	640
-18055.811	1	640
-18054.885	1	645
-18053.960	1	650
-18053.034	1	638
-18052.109	1	639
-18051.184	1	638
-18050.259	1	643
-18049.334	1	647
-18048.409	1	641
-18047.485	1	641
-18046.560	1	643
-18045.636	1	654
-18044.712	1	649
-18043.788	1	647
-18042.864	1	647
-18041.941	1	640
-18041.017	1	647
-18040.094	1	653
-18039.171	1	653
-18038.248	1	648
-18037.325	1	638
-18036.402	1	642
-18035.480	1	642
-18034.557	1	653
-18033.635	1	652
-18032.713	1	654
-18031.791	1	653
-18030.869	1	652
-18029.948	1	653
-18029.026	1	643
-18028.105	1	658
-18027.184	1	645
-18026.263	1	647
-18025.342	1	654
-18024.421	1	654
-18023.501	1	644
-18022.580	1	661
-18021.660	1	651
-18020.740	1	655
-18019.820	1	638
-18018.900	1	650
-18017.981	1	658
-18017.061	1	671
-18016.142	1	652
-18015.223	1	668
-18014.304	1	646
-18013.385	1	657
-18012.466	1	655
-18011.547	1	646
-18010.629	1	668
-18009.711	1	655
-18008.793	1	648
-18007.875	1	660
-18006.957	1	654
-18006.039	1	656
-18005.122	1	651
-18004.204	1	642
-18003.287	1	662
-18002.370	1	650
-18001.453	1	639
-18000.536	1	632
-17999.620	1	648
-17998.703	1	644
-17997.787	1	638
-17996.871	1	654
-17995.955	1	645
-17995.039	1	650
-17994.123	1	650
-17993.208	1	641
-17992.293	1	640
-17991.377	1	648
-17990.462	1	639
-17989.547	1	664
-17988.633	1	656
-17987.718	1	641
-17986.804	1	659
-17985.889	1	646
-17984.975	1	664
-17984.061	1	640
-17983.147	1	657
-17982.233	1	648
-17981.320	1	643
-17980.406	1	627
-17979.493	1	648
-17978.580	1	643
-17977.667	1	646
-17976.754	1	642
-17975.842	1	650
-17974.929	1	657
-17974.017	1	655
-17973.105	1	641
-17972.193	1	648
-17971.281	1	652
-17970.369	1	651
-17969.457	1	648
-17968.546	1	638
-17967.635	1	649
-17966.723	1	649
-17965.812	1	641
-17964.902	1	628
-17963.991	1	655
-17963.080	1	653
-17962.170	1	646
-17961.260	1	655
-17960.350	1	645
-17959.440	1	659
-17958.530	1	653
-17957.620	1	647
-17956.711	1	657
-17955.802	1	651
-17954.892	1	642
-17953.983	1	647
-17953.074	1	640
-17952.166	1	650
-17951.257	1	652
-17950.349	1	653
-17949.440	1	643
-17948.532	1	656
-17947.624	1	654
-17946.716	1	647
-17945.809	1	646
-17944.901	1	645
-17943.994	1	651
-17943.087	1	652
-17942.179	1	649
-17941.273	1	647
-17940.366	1	647
-17939.459	1	643
-17938.553	1	652
-17937.646	1	647
-17936.740	1	639
-17935.834	1	651
-17934.928	1	643
-17934.022	1	658
-17933.117	1	649
-17932.211	1	651
-17931.306	1	652
-17930.401	1	657
-17929.496	1	645
-17928.591	1	648
-17927.686	1	643
-17926.782	1	647
-17925.878	1	640
-17924.973	1	641
-17924.069	1	648
-17923.165	1	660
-17922.261	1	644
-17921.358	1	641
-17920.454	1	648
-17919.551	1	654
-17918.648	1	643
-17917.745	1	655
-17916.842	1	644
-17915.939	1	642
-17915.036	1	648
-17914.134	1	665
-17913.232	1	655
-17912.330	1	658
-17911.428	1	641
-17910.526	1	652
-17909.624	1	635
-17908.722	1	658
-17907.821	1	636
-17906.920	1	648
-17906.019	1	640
-17905.118	1	638
-17904.217	1	642
-17903.316	1	650
-17902.416	1	650
-17901.515	1	635
-17900.615	1	642
-17899.715	1	649
-17898.815	1	645
-17897.915	1	648
-17897.016	1	661
-17896.116	1	653
-17895.217	1	637
-17894.318	1	646
-17893.419	1	654
-17892.520	1	648
-17891.621	1	646
-17890.722	1	649
-17889.824	1	640
-17888.926	1	641
-17888.028	1	652
-17887.130	1	641
-17886.232	1	640
-17885.334	1	647
-17884.436	1	637
-17883.539	1	645
-17882.642	1	652
-17881.745	1	650
-17880.848	1	657
-17879.951	1	643
-17879.054	1	637
-17878.158	1	648
-17877.261	1	633
-17876.365	1	644
-17875.469	1	643
-17874.573	1	639
-17873.677	1	633
-17872.782	1	657
-17871.886	1	644
-17870.991	1	634
-17870.096	1	643
-17869.201	1	640
-17868.306	1	656
-17867.411	1	655
-17866.516	1	645
-17865.622	1	642
-17864.728	1	649
-17863.833	1	638
-17862.939	1	643
-17862.045	1	645
-17861.152	1	645
-17860.258	1	648
-17859.365	1	650
-17858.471	1	650
-17857.578	1	652
-17856.685	1	644
-17855.793	1	652
-17854.900	1	647
-17854.007	1	647
-17853.115	1	647
-17852.223	1	658
-17851.331	1	638
-17850.439	1	647
-17849.547	1	651
-17848.655	1	647
-17847.764	1	645
-17846.872	1	655
-17845.981	1	638
-17845.090	1	642
-17844.199	1	649
-17843.308	1	658
-17842.418	1	645
-17841.527	1	647
-17840.637	1	642
-17839.746	1	646
-17838.856	1	638
-17837.967	1	647
-17837.077	1	646
-17836.187	1	646
-17835.298	1	639
-17834.408	1	641
-17833.519	1	646
-17832.630	1	647
-17831.741	1	646
-17830.853	1	650
-17829.964	1	651
-17829.075	1	644
-17828.187	1	650
-17827.299	1	635
-17826.411	1	656
-17825.523	1	648
-17824.635	1	644
-17823.748	1	642
-17822.860	1	652
-17821.973	1	639
-17821.086	1	632
-17820.199	1	643
-17819.312	1	643
-17818.426	1	635
-17817.539	1	647
-17816.653	1	637
-17815.766	1	642
-17814.880	1	645
-17813.994	1	645
-17813.108	1	649
-17812.223	1	645
-17811.337	1	642
-17810.452	1	652
-17809.567	1	643
-17808.681	1	635
-17807.797	1	644
-17806.912	1	646
-17806.027	1	649
-17805.143	1	645
-17804.258	1	634
-17803.374	1	635
-17802.490	1	646
-17801.606	1	631
-17800.722	1	650
-17799.838	1	643
-17798.955	1	647
-17798.072	1	650
-17797.188	1	656
-17796.305	1	641
-17795.422	1	639
-17794.540	1	651
-17793.657	1	656
-17792.775	1	637
-17791.892	1	659
-17791.010	1	625
-17790.128	1	647
-17789.246	1	645
-17788.364	1	652
-17787.483	1	634
-17786.601	1	641
-17785.720	1	644
-17784.839	1	636
-17783.958	1	636
-17783.077	1	641
-17782.196	1	653
-17781.315	1	643
-17780.435	1	642
-17779.555	1	639
-17778.674	1	632
-17777.794	1	645
-17776.914	1	656
-17776.035	1	648
-17775.155	1	634
-17774.276	1	640
-17773.396	1	655
-17772.517	1	648
-17771.638	1	640
-17770.759	1	656
-17769.881	1	638
-17769.002	1	650
-17768.124	1	658
-17767.245	1	657
-17766.367	1	653
-17765.489	1	649
-17764.611	1	653
-17763.733	1	642
-17762.856	1	638
-17761.978	1	637
-17761.101	1	644
-17760.224	1	652
-17759.347	1	650
-17758.470	1	644
-17757.593	1	634
-17756.717	1	640
-17755.840	1	639
-17754.964	1	642
-17754.088	1	640
-17753.212	1	633
-17752.336	1	644
-17751.460	1	640
-17750.585	1	645
-17749.709	1	642
-17748.834	1	662
-17747.959	1	638
-17747.084	1	637
-17746.209	1	633
-17745.334	1	650
-17744.460	1	654
-17743.585	1	650
-17742.711	1	649
-17741.837	1	647
-17740.963	1	640
-17740.089	1	643
-17739.215	1	654
-17738.342	1	635
-17737.468	1	648
-17736.595	1	639
-17735.722	1	644
-17734.849	1	640
-17733.976	1	658
-17733.103	1	646
-17732.231	1	651
-17731.358	1	652
-17730.486	1	644
-17729.614	1	645
-17728.742	1	649
-17727.870	1	635
-17726.998	1	651
-17726.127	1	631
-17725.255	1	646
-17724.384	1	652
-17723.513	1	639
-17722.642	1	638
-17721.771	1	642
-17720.900	1	642
-17720.030	1	652
-17719.159	1	634
-17718.289	1	653
-17717.419	1	646
-17716.549	1	643
-17715.679	1	645
-17714.809	1	647
-17713.940	1	654
-17713.070	1	645
-17712.201	1	657
-17711.332	1	642
-17710.463	1	660
-17709.594	1	638
-17708.725	1	634
-17707.857	1	657
-17706.988	1	650
-17706.120	1	650
-17705.252	1	643
-17704.384	1	660
-17703.516	1	648
-17702.648	1	647
-17701.781	1	639
-17700.913	1	641
-17700.046	1	642
-17699.179	1	646
-17698.312	1	638
-17697.445	1	645
-17696.578	1	649
-17695.711	1	647
-17694.845	1	641
-17693.979	1	640
-17693.112	1	641
-17692.246	1	645
-17691.381	1	643
-17690.515	1	646
-17689.649	1	648
-17688.784	1	643
-17687.918	1	645
-17687.053	1	648
-17686.188	1	639
-17685.323	1	642
-17684.458	1	643
-17683.594	1	648
-17682.729	1	648
-17681.865	1	632
-17681.001	1	635
-17680.137	1	642
-17679.273	1	640
-17678.409	1	630
-17677.545	1	657
-17676.682	1	633
-17675.819	1	639
-17674.955	1	637
-17674.092	1	647
-17673.229	1	650
-17672.367	1	632
-17671.504	1	654
-17670.641	1	631
-17669.779	1	645
-17668.917	1	649
-17668.055	1	646
-17667.193	1	640
-17666.331	1	660
-17665.469	1	646
-17664.608	1	649
-17663.746	1	648
-17662.885	1	640
-17662.024	1	643
-17661.163	1	642
-17660.302	1	646
-17659.441	1	642
-17658.581	1	647
-17657.721	1	640
-17656.860	1	643
-17656.000	1	648
-17655.140	1	644
-17654.280	1	632
-17653.421	1	648
-17652.561	1	643
-17651.702	1	641
-17650.842	1	653
-17649.983	1	648
-17649.124	1	654
-17648.265	1	640
-17647.407	1	638
-17646.548	1	652
-17645.690	1	639
-17644.831	1	648
-17643.973	1	631
-17643.115	1	645
-17642.257	1	643
-17641.399	1	655
-17640.542	1	644
-17639.684	1	633
-17638.827	1	629
-17637.970	1	642
-17637.113	1	648
-17636.256	1	632
-17635.399	1	647
-17634.542	1	645
-17633.686	1	643
-17632.830	1	639
-17631.973	1	653
-17631.117	1	642
-17630.261	1	643
-17629.406	1	642
-17628.550	1	638
-17627.694	1	647
-17626.839	1	635
-17625.984	1	642
-17625.129	1	655
-17624.274	1	642
-17623.419	1	644
-17622.564	1	653
-17621.710	1	637
-17620.855	1	644
-17620.001	1	657
-17619.147	1	643
-17618.293	1	646
-17617.439	1	645
-17616.585	1	647
-17615.732	1	644
-17614.878	1	652
-17614.025	1	634
-17613.172	1	663
-17612.319	1	646
-17611.466	1	655
-17610.613	1	654
-17609.761	1	655
-17608.908	1	646
-17608.056	1	646
-17607.204	1	651
-17606.352	1	648
-17605.500	1	662
-17604.648	1	658
-17603.796	1	648
-17602.945	1	644
-17602.094	1	645
-17601.242	1	649
-17600.391	1	646
-17599.540	1	643
-17598.689	1	651
-17597.839	1	643
-17596.988	1	638
-17596.138	1	641
-17595.288	1	649
-17594.438	1	640
-17593.588	1	646
-17592.738	1	639
-17591.888	1	634
-17591.038	1	642
-17590.189	1	647
-17589.340	1	638
-17588.491	1	647
-17587.642	1	649
-17586.793	1	647
-17585.944	1	652
-17585.095	1	661
-17584.247	1	648
-17583.399	1	654
-17582.550	1	632
-17581.702	1	647
-17580.855	1	650
-17580.007	1	640
-17579.159	1	649
-17578.312	1	645
-17577.464	1	637
-17576.617	1	654
-17575.770	1	644
-17574.923	1	637
-17574.076	1	638
-17573.230	1	642
-17572.383	1	638
-17571.537	1	626
-17570.690	1	648
-17569.844	1	641
-17568.998	1	633
-17568.152	1	646
-17567.307	1	641
-17566.461	1	643
-17565.616	1	658
-17564.770	1	636
-17563.925	1	633
-17563.080	1	638
-17562.235	1	633
-17561.391	1	641
-17560.546	1	644
-17559.702	1	636
-17558.857	1	641
-17558.013	1	640
-17557.169	1	637
-17556.325	1	632
-17555.481	1	641
-17554.638	1	630
-17553.794	1	651
-17552.951	1	648
-17552.108	1	639
-17551.264	1	644
-17550.421	1	652
-17549.579	1	633
-17548.736	1	629
-17547.893	1	634
-17547.051	1	648
-17546.209	1	630
-17545.367	1	641
-17544.525	1	654
-17543.683	1	634
-17542.841	1	630
-17541.999	1	644
-17541.158	1	634
-17540.316	1	632
-17539.475	1	640
-17538.634	1	637
-17537.793	1	633
-17536.953	1	650
-17536.112	1	655
-17535.271	1	651
-17534.431	1	644
-17533.591	1	656
-17532.751	1	642
-17531.911	1	652
-17531.071	1	640
-17530.231	1	652
-17529.392	1	645
-17528.552	1	642
-17527.713	1	645
-17526.874	1	648
-17526.035	1	636
-17525.196	1	640
-17524.357	1	642
-17523.518	1	645
-17522.680	1	645
-17521.842	1	643
-17521.003	1	645
-17520.165	1	634
-17519.327	1	648
-17518.490	1	644
-17517.652	1	651
-17516.815	1	652
-17515.977	1	640
-17515.140	1	640
-17514.303	1	657
-17513.466	1	646
-17512.629	1	648
-17511.792	1	636
-17510.956	1	641
-17510.119	1	640
-17509.283	1	648
-17508.447	1	644
-17507.611	1	635
-17506.775	1	642
-17505.939	1	639
-17505.103	1	639
-17504.268	1	639
-17503.433	1	653
-17502.597	1	645
-17501.762	1	643
-17500.927	1	650
-17500.092	1	643
-17499.258	1	633
-17498.423	1	641
-17497.589	1	645
-17496.755	1	627
-17495.920	1	639
-17495.086	1	638
-17494.252	1	644
-17493.419	1	644
-17492.585	1	649
-17491.752	1	640
-17490.918	1	635
-17490.085	1	645
-17489.252	1	643
-17488.419	1	652
-17487.586	1	651
-17486.754	1	657
-17485.921	1	642
-17485.089	1	646
-17484.257	1	637
-17483.424	1	640
-17482.592	1	661
-17481.761	1	648
-17480.929	1	644
-17480.097	1	635
-17479.266	1	650
-17478.434	1	645
-17477.603	1	650
-17476.772	1	646
-17475.941	1	643
-17475.111	1	645
-17474.280	1	645
-17473.449	1	638
-17472.619	1	655
-17471.789	1	640
-17470.959	1	639
-17470.129	1	654
-17469.299	1	639
-17468.469	1	643
-17467.640	1	645
-17466.810	1	644
-17465.981	1	648
-17465.152	1	641
-17464.323	1	634
-17463.494	1	645
-17462.665	1	639
-17461.836	1	635
-17461.008	1	642
-17460.179	1	634
-17459.351	1	634
-17458.523	1	648
-17457.695	1	641
-17456.867	1	644
-17456.040	1	644
-17455.212	1	641
-17454.385	1	637
-17453.557	1	650
-17452.730	1	653
-17451.903	1	637
-17451.076	1	632
-17450.249	1	639
-17449.423	1	644
-17448.596	1	656
-17447.770	1	638
-17446.944	1	638
-17446.118	1	654
-17445.292	1	637
-17444.466	1	640
-17443.640	1	636
-17442.814	1	643
-17441.989	1	641
-17441.164	1	653
-17440.339	1	639
-17439.514	1	650
-17438.689	1	638
-17437.864	1	644
-17437.039	1	648
-17436.215	1	645
-17435.390	1	651
-17434.566	1	649
-17433.742	1	646
-17432.918	1	648
-17432.094	1	650
-17431.270	1	651
-17430.447	1	657
-17429.623	1	650
-17428.800	1	654
-17427.977	1	656
-17427.154	1	654
-17426.331	1	644
-17425.508	1	641
-17424.686	1	652
-17423.863	1	650
-17423.041	1	651
-17422.218	1	641
-17421.396	1	645
-17420.574	1	651
-17419.752	1	638
-17418.931	1	642
-17418.109	1	640
-17417.288	1	641
-17416.466	1	636
-17415.645	1	638
-17414.824	1	647
-17414.003	1	642
-17413.182	1	654
-17412.362	1	640
-17411.541	1	643
-17410.721	1	628
-17409.901	1	633
-17409.080	1	645
-17408.260	1	627
-17407.441	1	628
-17406.621	1	637
-17405.801	1	643
-17404.982	1	632
-17404.162	1	628
-17403.343	1	642
-17402.524	1	636
-17401.705	1	636
-17400.886	1	638
-17400.068	1	644
-17399.249	1	631
-17398.431	1	635
-17397.612	1	641
-17396.794	1	639
-17395.976	1	632
-17395.158	1	632
-17394.341	1	642
-17393.523	1	642
-17392.705	1	636
-17391.888	1	631
-17391.071	1	637
-17390.254	1	638
-17389.437	1	644
-17388.620	1	627
-17387.803	1	630
-17386.987	1	639
-17386.170	1	643
-17385.354	1	644
-17384.538	1	648
-17383.722	1	630
-17382.906	1	626
-17382.090	1	648
-17381.274	1	641
-17380.459	1	642
-17379.643	1	642
-17378.828	1	644
-17378.013	1	649
-17377.198	1	643
-17376.383	1	641
-17375.568	1	645
-17374.754	1	636
-17373.939	1	647
-17373.125	1	630
-17372.311	1	638
-17371.497	1	649
-17370.683	1	628
-17369.869	1	638
-17369.055	1	649
-17368.242	1	645
-17367.428	1	638
-17366.615	1	633
-17365.802	1	638
-17364.989	1	642
-17364.176	1	639
-17363.363	1	636
-17362.550	1	632
-17361.738	1	638
-17360.925	1	631
-17360.113	1	643
-17359.301	1	642
-17358.489	1	641
-17357.677	1	635
-17356.865	1	632
-17356.054	1	647
-17355.242	1	639
-17354.431	1	649
-17353.620	1	640
-17352.809	1	629
-17351.998	1	635
-17351.187	1	640
-17350.376	1	643
-17349.566	1	652
-17348.755	1	634
-17347.945	1	629
-17347.135	1	639
-17346.325	1	642
-17345.515	1	642
-17344.705	1	636
-17343.895	1	632
-17343.086	1	635
-17342.276	1	648
-17341.467	1	645
-17340.658	1	645
-17339.849	1	631
-17339.040	1	643
-17338.231	1	634
-17337.423	1	660
-17336.614	1	648
-17335.806	1	653
-17334.998	1	641
-17334.190	1	636
-17333.382	1	636
-17332.574	1	640
-17331.766	1	644
-17330.959	1	637
-17330.151	1	637
-17329.344	1	655
-17328.537	1	648
-17327.730	1	637
-17326.923	1	630
-17326.116	1	638
-17325.309	1	645
-17324.503	1	642
-17323.696	1	645
-17322.890	1	639
-17322.084	1	635
-17321.278	1	629
-17320.472	1	635
-17319.666	1	635
-17318.860	1	655
-17318.055	1	627
-17317.250	1	643
-17316.444	1	643
-17315.639	1	648
-17314.834	1	637
-17314.029	1	644
-17313.225	1	640
-17312.420	1	642
-17311.616	1	641
-17310.811	1	643
-17310.007	1	637
-17309.203	1	643
-17308.399	1	641
-17307.595	1	640
-17306.791	1	638
-17305.988	1	637
-17305.184	1	630
-17304.381	1	645
-17303.578	1	644
-17302.775	1	646
-17301.972	1	646
-17301.169	1	643
-17300.366	1	646
-17299.564	1	639
-17298.761	1	650
-17297.959	1	636
-17297.157	1	658
-17296.355	1	643
-17295.553	1	655
-17294.751	1	646
-17293.950	1	645
-17293.148	1	654
-17292.347	1	662
-17291.545	1	636
-17290.744	1	642
-17289.943	1	646
-17289.142	1	660
-17288.342	1	649
-17287.541	1	647
-17286.741	1	648
-17285.940	1	650
-17285.140	1	651
-17284.340	1	652
-17283.540	1	647
-17282.740	1	649
-17281.940	1	637
-17281.141	1	646
-17280.341	1	651
-17279.542	1	655
-17278.743	1	646
-17277.944	1	645
-17277.145	1	644
-17276.346	1	652
-17275.547	1	656
-17274.749	1	652
-17273.950	1	624
-17273.152	1	646
-17272.354	1	639
-17271.556	1	633
-17270.758	1	640
-17269.960	1	644
-17269.162	1	653
-17268.365	1	642
-17267.567	1	649
-17266.770	1	634
-17265.973	1	645
-17265.176	1	634
-17264.379	1	637
-17263.582	1	640
-17262.785	1	644
-17261.989	1	634
-17261.192	1	639
-17260.396	1	634
-17259.600	1	634
-17258.804	1	643
-17258.008	1	637
-17257.212	1	646
-17256.417	1	640
-17255.621	1	635
-17254.826	1	641
-17254.030	1	640
-17253.235	1	643
-17252.440	1	629
-17251.645	1	640
-17250.851	1	656
-17250.056	1	641
-17249.262	1	642
-17248.467	1	633
-17247.673	1	635
-17246.879	1	639
-17246.085	1	634
-17245.291	1	650
-17244.497	1	637
-17243.704	1	640
-17242.910	1	639
-17242.117	1	643
-17241.324	1	652
-17240.530	1	650
-17239.737	1	638
-17238.945	1	640
-17238.152	1	641
-17237.359	1	641
-17236.567	1	652
-17235.775	1	631
-17234.982	1	648
-17234.190	1	654
-17233.398	1	628
-17232.606	1	634
-17231.815	1	638
-17231.023	1	638
-17230.232	1	647
-17229.440	1	638
-17228.649	1	652
-17227.858	1	641
-17227.067	1	653
-17226.276	1	640
-17225.486	1	648
-17224.695	1	651
-17223.905	1	647
-17223.114	1	635
-17222.324	1	642
-17221.534	1	646
-17220.744	1	653
-17219.954	1	639
-17219.165	1	654
-17218.375	1	632
-17217.586	1	639
-17216.796	1	638
-17216.007	1	649
-17215.218	1	654
-17214.429	1	654
-17213.640	1	633
-17212.852	1	636
-17212.063	1	645
-17211.275	1	642
-17210.486	1	640
-17209.698	1	653
-17208.910	1	630
-17208.122	1	632
-17207.334	1	626
-17206.547	1	642
-17205.759	1	644
-17204.972	1	643
-17204.184	1	640
-17203.397	1	634
-17202.610	1	634
-17201.823	1	646
-17201.036	1	636
-17200.250	1	635
-17199.463	1	648
-17198.677	1	635
-17197.890	1	630
-17197.104	1	644
-17196.318	1	639
-17195.532	1	636
-17194.746	1	631
-17193.961	1	623
-17193.175	1	642
-17192.390	1	638
-17191.605	1	645
-17190.819	1	640
-17190.034	1	637
-17189.249	1	628
-17188.465	1	648
-17187.680	1	639
-17186.895	1	642
-17186.111	1	644
-17185.327	1	637
-17184.543	1	635
-17183.758	1	644
-17182.975	1	632
-17182.191	1	636
-17181.407	1	650
-17180.624	1	636
-17179.840	1	633
-17179.057	1	637
-17178.274	1	630
-17177.491	1	640
-17176.708	1	645
-17175.925	1	639
-17175.142	1	632
-17174.360	1	645
-17173.577	1	641
-17172.795	1	635
-17172.013	1	645
-17171.231	1	627
-17170.449	1	634
-17169.667	1	638
-17168.885	1	627
-17168.104	1	629
-17167.322	1	643
-17166.541	1	629
-17165.760	1	644
-17164.979	1	618
-17164.198	1	635
-17163.417	1	643
-17162.636	1	637
-17161.856	1	646
-17161.075	1	647
-17160.295	1	641
-17159.515	1	640
-17158.735	1	631
-17157.955	1	643
-17157.175	1	627
-17156.395	1	639
-17155.616	1	649
-17154.836	1	642
-17154.057	1	643
-17153.278	1	634
-17152.499	1	643
-17151.720	1	651
-17150.941	1	648
-17150.162	1	643
-17149.384	1	647
-17148.605	1	642
-17147.827	1	625
-17147.049	1	640
-17146.271	1	656
-17145.493	1	646
-17144.715	1	639
-17143.937	1	649
-17143.160	1	628
-17142.382	1	642
-17141.605	1	648
-17140.828	1	643
-17140.051	1	626
-17139.274	1	639
-17138.497	1	634
-17137.720	1	640
-17136.943	1	637
-17136.167	1	642
-17135.391	1	636
-17134.614	1	632
-17133.838	1	638
-17133.062	1	629
-17132.286	1	637
-17131.511	1	642
-17130.735	1	641
-17129.960	1	644
-17129.184	1	629
-17128.409	1	630
-17127.634	1	636
-17126.859	1	638
-17126.084	1	634
-17125.309	1	633
-17124.535	1	639
-17123.760	1	633
-17122.986	1	642
-17122.212	1	644
-17121.437	1	632
-17120.663	1	639
-17119.890	1	634
-17119.116	1	628
-17118.342	1	631
-17117.569	1	629
-17116.795	1	638
-17116.022	1	633
-17115.249	1	628
-17114.476	1	628
-17113.703	1	642
-17112.930	1	636
-17112.157	1	642
-17111.385	1	635
-17110.613	1	638
-17109.840	1	635
-17109.068	1	630
-17108.296	1	631
-17107.524	1	618
-17106.752	1	632
-17105.981	1	637
-17105.209	1	641
-17104.438	1	633
-17103.666	1	634
-17102.895	1	639
-17102.124	1	626
-17101.353	1	641
-17100.582	1	634
-17099.812	1	641
-17099.041	1	640
-17098.271	1	650
-17097.500	1	643
-17096.730	1	630
-17095.960	1	637
-17095.190	1	627
-17094.420	1	634
-17093.650	1	633
-17092.881	1	638
