-18243.143	1	704
-18242.186	1	686
-18241.229	1	685
-18240.273	1	676
-18239.316	1	689
-18238.360	1	688
-18237.404	1	697
-18236.447	1	703
-18235.492	1	682
-18234.536	1	700
-18233.580	1	699
-18232.625	1	700
-18231.669	1	699
-18230.714	1	712
-18229.759	1	688
-18228.805	1	693
-18227.850	1	694
-18226.895	1	697
-18225.941	1	696
-18224.987	1	702
-18224.033	1	703
-18223.079	1	702
-18222.126	1	700
-18221.172	1	702
-18220.219	1	708
-18219.265	1	703
-18218.312	1	695
-18217.360	1	685
-18216.407	1	714
-18215.454	1	702
-18214.502	1	706
-18213.550	1	706
-18212.598	1	692
-18211.646	1	715
-18210.694	1	706
-18209.742	1	708
-18208.791	1	700
-18207.840	1	696
-18206.888	1	694
-18205.937	1	689
-18204.987	1	704
-18204.036	1	706
-18203.086	1	695
-18202.135	1	699
-18201.185	1	702
-18200.235	1	703
-18199.285	1	697
-18198.335	1	706
-18197.386	1	706
-18196.437	1	677
-18195.487	1	704
-18194.538	1	704
-18193.589	1	706
-18192.641	1	700
-18191.692	1	693
-18190.744	1	703
-18189.795	1	699
-18188.847	1	689
-18187.899	1	703
-18186.952	1	699
-18186.004	1	714
-18185.057	1	719
-18184.109	1	698
-18183.162	1	712
-18182.215	1	702
-18181.268	1	742
-18180.322	1	754
-18179.375	1	760
-18178.429	1	807
-18177.482	1	782
-18176.536	1	796
-18175.591	1	761
-18174.645	1	745
-18173.699	1	736
-18172.754	1	711
-18171.809	1	720
-18170.863	1	717
-18169.919	1	714
-18168.974	1	708
-18168.029	1	699
-18167.085	1	702
-18166.140	1	691
-18165.196	1	716
-18164.252	1	695
-18163.308	1	711
-18162.365	1	689
-18161.421	1	709
-18160.478	1	707
-18159.535	1	719
-18158.592	1	705
-18157.649	1	707
-18156.706	1	712
-18155.763	1	713
-18154.821	1	703
-18153.879	1	705
-18152.937	1	724
-18151.995	1	699
-18151.053	1	704
-18150.111	1	707
-18149.170	1	699
-18148.229	1	715
-18147.287	1	708
-18146.346	1	721
-18145.406	1	705
-18144.465	1	708
-18143.524	1	720
-18142.584	1	720
-18141.644	1	713
-18140.704	1	705
-18139.764	1	717
-18138.824	1	702
-18137.884	1	722
-18136.945	1	695
-18136.006	1	700
-18135.067	1	699
-18134.128	1	703
-18133.189	1	696
-18132.250	1	714
-18131.312	1	695
-18130.373	1	698
-18129.435	1	694
-18128.497	1	711
-18127.559	1	705
-18126.622	1	717
-18125.684	1	722
-18124.747	1	702
-18123.809	1	690
-18122.872	1	700
-18121.935	1	701
-18120.999	1	692
-18120.062	1	697
-18119.126	1	698
-18118.189	1	695
-18117.253	1	708
-18116.317	1	707
-18115.381	1	710
-18114.446	1	688
-18113.510	1	726
-18112.575	1	695
-18111.640	1	715
-18110.705	1	720
-18109.770	1	710
-18108.835	1	687
-18107.900	1	714
-18106.966	1	709
-18106.032	1	699
-18105.097	1	713
-18104.164	1	719
-18103.230	1	706
-18102.296	1	688
-18101.363	1	709
-18100.429	1	698
-18099.496	1	720
-18098.563	1	712
-18097.630	1	712
-18096.697	1	722
-18095.765	1	713
-18094.832	1	708
-18093.900	1	722
-18092.968	1	697
-18092.036	1	718
-18091.104	1	710
-18090.173	1	692
-18089.241	1	700
-18088.310	1	704
-18087.379	1	709
-18086.448	1	691
-18085.517	1	718
-18084.586	1	721
-18083.656	1	689
-18082.725	1	702
-18081.795	1	685
-18080.865	1	709
-18079.935	1	710
-18079.005	1	711
-18078.076	1	705
-18077.146	1	715
-18076.217	1	710
-18075.288	1	704
-18074.359	1	713
-18073.430	1	706
-18072.501	1	686
-18071.573	1	697
-18070.644	1	708
-18069.716	1	710
-18068.788	1	707
-18067.860	1	717
-18066.932	1	693
-18066.005	1	713
-18065.077	1	709
-18064.150	1	711
-18063.223	1	725
-18062.296	1	708
-18061.369	1	710
-18060.442	1	723
-18059.516	1	707
-18058.589	1	700
-18057.663	1	716
-18056.737	1	717
-18055.811	1	706
-18054.885	1	713
-18053.960	1	708
-18053.034	1	694
-18052.109	1	696
-18051.184	1	702
-18050.259	1	721
-18049.334	1	731
-18048.409	1	718
-18047.485	1	701
-18046.560	1	700
-18045.636	1	703
-18044.712	1	721
-18043.788	1	725
-18042.864	1	706
-18041.941	1	701
-18041.017	1	719
-18040.094	1	714
-18039.171	1	722
-18038.248	1	711
-18037.325	1	713
-18036.402	1	700
-18035.480	1	706
-18034.557	1	707
-18033.635	1	721
-18032.713	1	707
-18031.791	1	707
-18030.869	1	713
-18029.948	1	714
-18029.026	1	716
-18028.105	1	727
-18027.184	1	726
-18026.263	1	718
-18025.342	1	733
-18024.421	1	732
-18023.501	1	718
-18022.580	1	739
-18021.660	1	723
-18020.740	1	741
-18019.820	1	728
-18018.900	1	747
-18017.981	1	727
-18017.061	1	743
-18016.142	1	764
-18015.223	1	744
-18014.304	1	761
-18013.385	1	746
-18012.466	1	752
-18011.547	1	733
-18010.629	1	742
-18009.711	1	763
-18008.793	1	737
-18007.875	1	735
-18006.957	1	730
-18006.039	1	732
-18005.122	1	719
-18004.204	1	716
-18003.287	1	727
-18002.370	1	718
-18001.453	1	716
-18000.536	1	717
-17999.620	1	707
-17998.703	1	739
-17997.787	1	704
-17996.871	1	711
-17995.955	1	714
-17995.039	1	718
-17994.123	1	700
-17993.208	1	724
-17992.293	1	711
-17991.377	1	712
-17990.462	1	721
-17989.547	1	716
-17988.633	1	716
-17987.718	1	694
-17986.804	1	729
-17985.889	1	713
-17984.975	1	710
-17984.061	1	692
-17983.147	1	715
-17982.233	1	695
-17981.320	1	718
-17980.406	1	694
-17979.493	1	696
-17978.580	1	719
-17977.667	1	718
-17976.754	1	680
-17975.842	1	713
-17974.929	1	702
-17974.017	1	711
-17973.105	1	693
-17972.193	1	713
-17971.281	1	683
-17970.369	1	715
-17969.457	1	703
-17968.546	1	715
-17967.635	1	715
-17966.723	1	722
-17965.812	1	733
-17964.902	1	697
-17963.991	1	729
-17963.080	1	708
-17962.170	1	721
-17961.260	1	718
-17960.350	1	717
-17959.440	1	712
-17958.530	1	718
-17957.620	1	705
-17956.711	1	724
-17955.802	1	715
-17954.892	1	714
-17953.983	1	713
-17953.074	1	719
-17952.166	1	708
-17951.257	1	710
-17950.349	1	720
-17949.440	1	715
-17948.532	1	704
-17947.624	1	706
-17946.716	1	698
-17945.809	1	743
-17944.901	1	728
-17943.994	1	718
-17943.087	1	729
-17942.179	1	717
-17941.273	1	725
-17940.366	1	720
-17939.459	1	720
-17938.553	1	727
-17937.646	1	728
-17936.740	1	710
-17935.834	1	715
-17934.928	1	700
-17934.022	1	693
-17933.117	1	710
-17932.211	1	740
-17931.306	1	734
-17930.401	1	722
-17929.496	1	718
-17928.591	1	725
-17927.686	1	711
-17926.782	1	698
-17925.878	1	723
-17924.973	1	709
-17924.069	1	734
-17923.165	1	707
-17922.261	1	729
-17921.358	1	713
-17920.454	1	713
-17919.551	1	716
-17918.648	1	705
-17917.745	1	723
-17916.842	1	702
-17915.939	1	714
-17915.036	1	704
-17914.134	1	720
-17913.232	1	719
-17912.330	1	722
-17911.428	1	715
-17910.526	1	726
-17909.624	1	722
-17908.722	1	731
-17907.821	1	726
-17906.920	1	716
-17906.019	1	711
-17905.118	1	730
-17904.217	1	701
-17903.316	1	732
-17902.416	1	719
-17901.515	1	725
-17900.615	1	722
-17899.715	1	703
-17898.815	1	722
-17897.915	1	719
-17897.016	1	719
-17896.116	1	716
-17895.217	1	717
-17894.318	1	706
-17893.419	1	701
-17892.520	1	723
-17891.621	1	723
-17890.722	1	732
-17889.824	1	727
-17888.926	1	714
-17888.028	1	709
-17887.130	1	714
-17886.232	1	721
-17885.334	1	722
-17884.436	1	716
-17883.539	1	728
-17882.642	1	734
-17881.745	1	714
-17880.848	1	725
-17879.951	1	723
-17879.054	1	726
-17878.158	1	722
-17877.261	1	724
-17876.365	1	724
-17875.469	1	709
-17874.573	1	720
-17873.677	1	700
-17872.782	1	711
-17871.886	1	717
-17870.991	1	727
-17870.096	1	721
-17869.201	1	728
-17868.306	1	701
-17867.411	1	722
-17866.516	1	712
-17865.622	1	720
-17864.728	1	733
-17863.833	1	704
-17862.939	1	704
-17862.045	1	734
-17861.152	1	737
-17860.258	1	716
-17859.365	1	728
-17858.471	1	724
-17857.578	1	717
-17856.685	1	729
-17855.793	1	721
-17854.900	1	725
-17854.007	1	711
-17853.115	1	712
-17852.223	1	713
-17851.331	1	708
-17850.439	1	737
-17849.547	1	712
-17848.655	1	719
-17847.764	1	713
-17846.872	1	739
-17845.981	1	702
-17845.090	1	721
-17844.199	1	715
-17843.308	1	729
-17842.418	1	700
-17841.527	1	720
-17840.637	1	719
-17839.746	1	708
-17838.856	1	701
-17837.967	1	718
-17837.077	1	704
-17836.187	1	722
-17835.298	1	721
-17834.408	1	714
-17833.519	1	705
-17832.630	1	705
-17831.741	1	706
-17830.853	1	711
-17829.964	1	734
-17829.075	1	712
-17828.187	1	709
-17827.299	1	700
-17826.411	1	721
-17825.523	1	724
-17824.635	1	717
-17823.748	1	715
-17822.860	1	735
-17821.973	1	723
-17821.086	1	726
-17820.199	1	703
-17819.312	1	719
-17818.426	1	698
-17817.539	1	717
-17816.653	1	721
-17815.766	1	712
-17814.880	1	718
-17813.994	1	708
-17813.108	1	720
-17812.223	1	724
-17811.337	1	715
-17810.452	1	706
-17809.567	1	704
-17808.681	1	715
-17807.797	1	714
-17806.912	1	734
-17806.027	1	725
-17805.143	1	728
-17804.258	1	728
-17803.374	1	711
-17802.490	1	724
-17801.606	1	723
-17800.722	1	716
-17799.838	1	731
-17798.955	1	724
-17798.072	1	732
-17797.188	1	715
-17796.305	1	717
-17795.422	1	709
-17794.540	1	720
-17793.657	1	714
-17792.775	1	717
-17791.892	1	703
-17791.010	1	720
-17790.128	1	740
-17789.246	1	716
-17788.364	1	712
-17787.483	1	721
-17786.601	1	707
-17785.720	1	722
-17784.839	1	718
-17783.958	1	719
-17783.077	1	722
-17782.196	1	719
-17781.315	1	711
-17780.435	1	714
-17779.555	1	740
-17778.674	1	707
-17777.794	1	719
-17776.914	1	715
-17776.035	1	717
-17775.155	1	729
-17774.276	1	697
-17773.396	1	706
-17772.517	1	727
-17771.638	1	716
-17770.759	1	704
-17769.881	1	731
-17769.002	1	715
-17768.124	1	728
-17767.245	1	713
-17766.367	1	713
-17765.489	1	708
-17764.611	1	694
-17763.733	1	728
-17762.856	1	695
-17761.978	1	716
-17761.101	1	718
-17760.224	1	712
-17759.347	1	716
-17758.470	1	712
-17757.593	1	714
-17756.717	1	728
-17755.840	1	713
-17754.964	1	715
-17754.088	1	704
-17753.212	1	711
-17752.336	1	709
-17751.460	1	725
-17750.585	1	717
-17749.709	1	717
-17748.834	1	719
-17747.959	1	726
-17747.084	1	709
-17746.209	1	717
-17745.334	1	719
-17744.460	1	715
-17743.585	1	714
-17742.711	1	718
-17741.837	1	724
-17740.963	1	717
-17740.089	1	721
-17739.215	1	713
-17738.342	1	722
-17737.468	1	727
-17736.595	1	717
-17735.722	1	715
-17734.849	1	707
-17733.976	1	722
-17733.103	1	731
-17732.231	1	723
-17731.358	1	718
-17730.486	1	693
-17729.614	1	710
-17728.742	1	708
-17727.870	1	733
-17726.998	1	733
-17726.127	1	710
-17725.255	1	711
-17724.384	1	741
-17723.513	1	719
-17722.642	1	733
-17721.771	1	724
-17720.900	1	708
-17720.030	1	706
-17719.159	1	711
-17718.289	1	713
-17717.419	1	718
-17716.549	1	723
-17715.679	1	702
-17714.809	1	719
-17713.940	1	707
-17713.070	1	703
-17712.201	1	714
-17711.332	1	709
-17710.463	1	706
-17709.594	1	717
-17708.725	1	699
-17707.857	1	720
-17706.988	1	725
-17706.120	1	703
-17705.252	1	729
-17704.384	1	725
-17703.516	1	707
-17702.648	1	730
-17701.781	1	720
-17700.913	1	702
-17700.046	1	711
-17699.179	1	713
-17698.312	1	723
-17697.445	1	703
-17696.578	1	724
-17695.711	1	712
-17694.845	1	717
-17693.979	1	720
-17693.112	1	713
-17692.246	1	722
-17691.381	1	720
-17690.515	1	726
-17689.649	1	725
-17688.784	1	716
-17687.918	1	711
-17687.053	1	708
-17686.188	1	713
-17685.323	1	714
-17684.458	1	718
-17683.594	1	706
-17682.729	1	701
-17681.865	1	722
-17681.001	1	709
-17680.137	1	710
-17679.273	1	714
-17678.409	1	712
-17677.545	1	718
-17676.682	1	713
-17675.819	1	722
-17674.955	1	712
-17674.092	1	721
-17673.229	1	715
-17672.367	1	728
-17671.504	1	710
-17670.641	1	721
-17669.779	1	705
-17668.917	1	729
-17668.055	1	726
-17667.193	1	722
-17666.331	1	721
-17665.469	1	731
-17664.608	1	721
-17663.746	1	724
-17662.885	1	727
-17662.024	1	736
-17661.163	1	728
-17660.302	1	721
-17659.441	1	719
-17658.581	1	720
-17657.721	1	714
-17656.860	1	701
-17656.000	1	740
-17655.140	1	721
-17654.280	1	705
-17653.421	1	734
-17652.561	1	732
-17651.702	1	708
-17650.842	1	716
-17649.983	1	718
-17649.124	1	713
-17648.265	1	706
-17647.407	1	722
-17646.548	1	724
-17645.690	1	725
-17644.831	1	703
-17643.973	1	722
-17643.115	1	722
-17642.257	1	734
-17641.399	1	712
-17640.542	1	729
-17639.684	1	708
-17638.827	1	722
-17637.970	1	714
-17637.113	1	701
-17636.256	1	711
-17635.399	1	702
-17634.542	1	735
-17633.686	1	706
-17632.830	1	719
-17631.973	1	705
-17631.117	1	710
-17630.261	1	718
-17629.406	1	706
-17628.550	1	714
-17627.694	1	724
-17626.839	1	724
-17625.984	1	723
-17625.129	1	725
-17624.274	1	716
-17623.419	1	710
-17622.564	1	718
-17621.710	1	728
-17620.855	1	724
-17620.001	1	711
-17619.147	1	707
-17618.293	1	717
-17617.439	1	718
-17616.585	1	726
-17615.732	1	707
-17614.878	1	736
-17614.025	1	745
-17613.172	1	724
-17612.319	1	729
-17611.466	1	730
-17610.613	1	721
-17609.761	1	721
-17608.908	1	736
-17608.056	1	742
-17607.204	1	752
-17606.352	1	728
-17605.500	1	739
-17604.648	1	761
-17603.796	1	736
-17602.945	1	711
-17602.094	1	739
-17601.242	1	739
-17600.391	1	739
-17599.540	1	740
-17598.689	1	728
-17597.839	1	730
-17596.988	1	718
-17596.138	1	731
-17595.288	1	714
-17594.438	1	730
-17593.588	1	707
-17592.738	1	718
-17591.888	1	729
-17591.038	1	720
-17590.189	1	718
-17589.340	1	712
-17588.491	1	708
-17587.642	1	717
-17586.793	1	714
-17585.944	1	731
-17585.095	1	714
-17584.247	1	724
-17583.399	1	706
-17582.550	1	721
-17581.702	1	722
-17580.855	1	712
-17580.007	1	728
-17579.159	1	691
-17578.312	1	728
-17577.464	1	709
-17576.617	1	712
-17575.770	1	725
-17574.923	1	727
-17574.076	1	714
-17573.230	1	727
-17572.383	1	700
-17571.537	1	727
-17570.690	1	713
-17569.844	1	702
-17568.998	1	704
-17568.152	1	691
-17567.307	1	718
-17566.461	1	714
-17565.616	1	703
-17564.770	1	710
-17563.925	1	720
-17563.080	1	713
-17562.235	1	702
-17561.391	1	705
-17560.546	1	709
-17559.702	1	725
-17558.857	1	695
-17558.013	1	725
-17557.169	1	721
-17556.325	1	730
-17555.481	1	726
-17554.638	1	719
-17553.794	1	713
-17552.951	1	722
-17552.108	1	696
-17551.264	1	718
-17550.421	1	702
-17549.579	1	719
-17548.736	1	717
-17547.893	1	706
-17547.051	1	727
-17546.209	1	699
-17545.367	1	710
-17544.525	1	714
-17543.683	1	692
-17542.841	1	707
-17541.999	1	698
-17541.158	1	720
-17540.316	1	706
-17539.475	1	715
-17538.634	1	705
-17537.793	1	713
-17536.953	1	704
-17536.112	1	732
-17535.271	1	713
-17534.431	1	708
-17533.591	1	710
-17532.751	1	722
-17531.911	1	710
-17531.071	1	720
-17530.231	1	724
-17529.392	1	710
-17528.552	1	706
-17527.713	1	719
-17526.874	1	721
-17526.035	1	711
-17525.196	1	715
-17524.357	1	713
-17523.518	1	716
-17522.680	1	716
-17521.842	1	719
-17521.003	1	717
-17520.165	1	727
-17519.327	1	714
-17518.490	1	728
-17517.652	1	712
-17516.815	1	721
-17515.977	1	724
-17515.140	1	713
-17514.303	1	722
-17513.466	1	713
-17512.629	1	712
-17511.792	1	709
-17510.956	1	714
-17510.119	1	712
-17509.283	1	703
-17508.447	1	704
-17507.611	1	710
-17506.775	1	716
-17505.939	1	704
-17505.103	1	708
-17504.268	1	733
-17503.433	1	703
-17502.597	1	706
-17501.762	1	709
-17500.927	1	702
-17500.092	1	709
-17499.258	1	725
-17498.423	1	717
-17497.589	1	730
-17496.755	1	728
-17495.920	1	711
-17495.086	1	727
-17494.252	1	707
-17493.419	1	724
-17492.585	1	713
-17491.752	1	730
-17490.918	1	718
-17490.085	1	719
-17489.252	1	719
-17488.419	1	724
-17487.586	1	727
-17486.754	1	725
-17485.921	1	724
-17485.089	1	720
-17484.257	1	726
-17483.424	1	722
-17482.592	1	724
-17481.761	1	729
-17480.929	1	727
-17480.097	1	764
-17479.266	1	727
-17478.434	1	762
-17477.603	1	728
-17476.772	1	734
-17475.941	1	716
-17475.111	1	730
-17474.280	1	720
-17473.449	1	721
-17472.619	1	711
-17471.789	1	726
-17470.959	1	726
-17470.129	1	726
-17469.299	1	725
-17468.469	1	716
-17467.640	1	728
-17466.810	1	711
-17465.981	1	728
-17465.152	1	727
-17464.323	1	707
-17463.494	1	686
-17462.665	1	716
-17461.836	1	738
-17461.008	1	727
-17460.179	1	714
-17459.351	1	707
-17458.523	1	715
-17457.695	1	705
-17456.867	1	716
-17456.040	1	721
-17455.212	1	727
-17454.385	1	722
-17453.557	1	708
-17452.730	1	720
-17451.903	1	745
-17451.076	1	721
-17450.249	1	719
-17449.423	1	721
-17448.596	1	725
-17447.770	1	714
-17446.944	1	719
-17446.118	1	733
-17445.292	1	726
-17444.466	1	730
-17443.640	1	740
-17442.814	1	744
-17441.989	1	729
-17441.164	1	746
-17440.339	1	728
-17439.514	1	739
-17438.689	1	744
-17437.864	1	760
-17437.039	1	748
-17436.215	1	758
-17435.390	1	786
-17434.566	1	751
-17433.742	1	778
-17432.918	1	763
-17432.094	1	778
-17431.270	1	749
-17430.447	1	781
-17429.623	1	741
-17428.800	1	747
-17427.977	1	763
-17427.154	1	747
-17426.331	1	760
-17425.508	1	741
-17424.686	1	727
-17423.863	1	740
-17423.041	1	751
-17422.218	1	741
-17421.396	1	733
-17420.574	1	729
-17419.752	1	739
-17418.931	1	717
-17418.109	1	707
-17417.288	1	711
-17416.466	1	729
-17415.645	1	733
-17414.824	1	734
-17414.003	1	719
-17413.182	1	722
-17412.362	1	719
-17411.541	1	734
-17410.721	1	729
-17409.901	1	724
-17409.080	1	715
-17408.260	1	733
-17407.441	1	720
-17406.621	1	731
-17405.801	1	733
-17404.982	1	729
-17404.162	1	722
-17403.343	1	728
-17402.524	1	707
-17401.705	1	715
-17400.886	1	715
-17400.068	1	718
-17399.249	1	710
-17398.431	1	716
-17397.612	1	721
-17396.794	1	694
-17395.976	1	709
-17395.158	1	725
-17394.341	1	718
-17393.523	1	714
-17392.705	1	710
-17391.888	1	709
-17391.071	1	726
-17390.254	1	695
-17389.437	1	717
-17388.620	1	712
-17387.803	1	714
-17386.987	1	695
-17386.170	1	719
-17385.354	1	704
-17384.538	1	710
-17383.722	1	709
-17382.906	1	730
-17382.090	1	716
-17381.274	1	711
-17380.459	1	713
-17379.643	1	706
-17378.828	1	713
-17378.013	1	735
-17377.198	1	705
-17376.383	1	710
-17375.568	1	729
-17374.754	1	729
-17373.939	1	732
-17373.125	1	706
-17372.311	1	694
-17371.497	1	724
-17370.683	1	720
-17369.869	1	722
-17369.055	1	707
-17368.242	1	722
-17367.428	1	720
-17366.615	1	705
-17365.802	1	687
-17364.989	1	704
-17364.176	1	701
-17363.363	1	720
-17362.550	1	708
-17361.738	1	721
-17360.925	1	715
-17360.113	1	714
-17359.301	1	700
-17358.489	1	718
-17357.677	1	720
-17356.865	1	724
-17356.054	1	721
-17355.242	1	716
-17354.431	1	704
-17353.620	1	716
-17352.809	1	731
-17351.998	1	716
-17351.187	1	727
-17350.376	1	714
-17349.566	1	718
-17348.755	1	723
-17347.945	1	717
-17347.135	1	703
-17346.325	1	730
-17345.515	1	726
-17344.705	1	701
-17343.895	1	734
-17343.086	1	707
-17342.276	1	722
-17341.467	1	729
-17340.658	1	719
-17339.849	1	731
-17339.040	1	737
-17338.231	1	716
-17337.423	1	698
-17336.614	1	721
-17335.806	1	715
-17334.998	1	718
-17334.190	1	710
-17333.382	1	714
-17332.574	1	707
-17331.766	1	720
-17330.959	1	712
-17330.151	1	730
-17329.344	1	712
-17328.537	1	713
-17327.730	1	721
-17326.923	1	707
-17326.116	1	735
-17325.309	1	722
-17324.503	1	723
-17323.696	1	722
-17322.890	1	690
-17322.084	1	729
-17321.278	1	705
-17320.472	1	703
-17319.666	1	720
-17318.860	1	723
-17318.055	1	735
-17317.250	1	726
-17316.444	1	734
-17315.639	1	719
-17314.834	1	714
-17314.029	1	722
-17313.225	1	723
-17312.420	1	718
-17311.616	1	724
-17310.811	1	726
-17310.007	1	744
-17309.203	1	732
-17308.399	1	722
-17307.595	1	714
-17306.791	1	740
-17305.988	1	725
-17305.184	1	716
-17304.381	1	715
-17303.578	1	739
-17302.775	1	730
-17301.972	1	750
-17301.169	1	721
-17300.366	1	723
-17299.564	1	727
-17298.761	1	747
-17297.959	1	753
-17297.157	1	733
-17296.355	1	754
-17295.553	1	735
-17294.751	1	756
-17293.950	1	755
-17293.148	1	763
-17292.347	1	767
-17291.545	1	771
-17290.744	1	760
-17289.943	1	778
-17289.142	1	747
-17288.342	1	765
-17287.541	1	767
-17286.741	1	767
-17285.940	1	770
-17285.140	1	775
-17284.340	1	786
-17283.540	1	779
-17282.740	1	756
-17281.940	1	765
-17281.141	1	758
-17280.341	1	763
-17279.542	1	753
-17278.743	1	737
-17277.944	1	736
-17277.145	1	742
-17276.346	1	728
-17275.547	1	749
-17274.749	1	760
-17273.950	1	744
-17273.152	1	726
-17272.354	1	720
-17271.556	1	726
-17270.758	1	744
-17269.960	1	718
-17269.162	1	722
-17268.365	1	741
-17267.567	1	724
-17266.770	1	729
-17265.973	1	730
-17265.176	1	723
-17264.379	1	711
-17263.582	1	727
-17262.785	1	731
-17261.989	1	736
-17261.192	1	726
-17260.396	1	720
-17259.600	1	717
-17258.804	1	735
-17258.008	1	727
-17257.212	1	720
-17256.417	1	711
-17255.621	1	734
-17254.826	1	727
-17254.030	1	731
-17253.235	1	720
-17252.440	1	740
-17251.645	1	714
-17250.851	1	709
-17250.056	1	733
-17249.262	1	733
-17248.467	1	718
-17247.673	1	726
-17246.879	1	720
-17246.085	1	734
-17245.291	1	741
-17244.497	1	706
-17243.704	1	733
-17242.910	1	729
-17242.117	1	718
-17241.324	1	704
-17240.530	1	714
-17239.737	1	717
-17238.945	1	717
-17238.152	1	737
-17237.359	1	732
-17236.567	1	724
-17235.775	1	719
-17234.982	1	705
-17234.190	1	721
-17233.398	1	720
-17232.606	1	720
-17231.815	1	721
-17231.023	1	721
-17230.232	1	732
-17229.440	1	736
-17228.649	1	724
-17227.858	1	713
-17227.067	1	720
-17226.276	1	738
-17225.486	1	728
-17224.695	1	729
-17223.905	1	739
-17223.114	1	731
-17222.324	1	731
-17221.534	1	725
-17220.744	1	717
-17219.954	1	737
-17219.165	1	738
-17218.375	1	737
-17217.586	1	735
-17216.796	1	745
-17216.007	1	724
-17215.218	1	746
-17214.429	1	755
-17213.640	1	747
-17212.852	1	734
-17212.063	1	726
-17211.275	1	701
-17210.486	1	712
-17209.698	1	719
-17208.910	1	723
-17208.122	1	718
-17207.334	1	728
-17206.547	1	720
-17205.759	1	722
-17204.972	1	714
-17204.184	1	720
-17203.397	1	732
-17202.610	1	722
-17201.823	1	713
-17201.036	1	716
-17200.250	1	728
-17199.463	1	715
-17198.677	1	708
-17197.890	1	706
-17197.104	1	715
-17196.318	1	736
-17195.532	1	723
-17194.746	1	724
-17193.961	1	752
-17193.175	1	728
-17192.390	1	710
-17191.605	1	711
-17190.819	1	731
-17190.034	1	715
-17189.249	1	731
-17188.465	1	721
-17187.680	1	718
-17186.895	1	710
-17186.111	1	711
-17185.327	1	725
-17184.543	1	731
-17183.758	1	717
-17182.975	1	715
-17182.191	1	716
-17181.407	1	734
-17180.624	1	701
-17179.840	1	713
-17179.057	1	738
-17178.274	1	717
-17177.491	1	697
-17176.708	1	709
-17175.925	1	708
-17175.142	1	718
-17174.360	1	714
-17173.577	1	712
-17172.795	1	707
-17172.013	1	719
-17171.231	1	693
-17170.449	1	702
-17169.667	1	695
-17168.885	1	727
-17168.104	1	717
-17167.322	1	698
-17166.541	1	707
-17165.760	1	701
-17164.979	1	702
-17164.198	1	722
-17163.417	1	720
-17162.636	1	707
-17161.856	1	696
-17161.075	1	705
-17160.295	1	714
-17159.515	1	712
-17158.735	1	705
-17157.955	1	710
-17157.175	1	709
-17156.395	1	726
-17155.616	1	710
-17154.836	1	733
-17154.057	1	717
-17153.278	1	738
-17152.499	1	738
-17151.720	1	729
-17150.941	1	747
-17150.162	1	730
-17149.384	1	737
-17148.605	1	758
-17147.827	1	744
-17147.049	1	756
-17146.271	1	748
-17145.493	1	760
-17144.715	1	754
-17143.937	1	740
-17143.160	1	745
-17142.382	1	744
-17141.605	1	724
-17140.828	1	741
-17140.051	1	723
-17139.274	1	704
-17138.497	1	723
-17137.720	1	723
-17136.943	1	710
-17136.167	1	703
-17135.391	1	722
-17134.614	1	726
-17133.838	1	713
-17133.062	1	705
-17132.286	1	708
-17131.511	1	698
-17130.735	1	718
-17129.960	1	712
-17129.184	1	701
-17128.409	1	703
-17127.634	1	703
-17126.859	1	719
-17126.084	1	697
-17125.309	1	703
-17124.535	1	696
-17123.760	1	701
-17122.986	1	701
-17122.212	1	703
-17121.437	1	695
-17120.663	1	706
-17119.890	1	700
-17119.116	1	705
-17118.342	1	706
-17117.569	1	689
-17116.795	1	684
-17116.022	1	708
-17115.249	1	696
-17114.476	1	707
-17113.703	1	703
-17112.930	1	702
-17112.157	1	712
-17111.385	1	707
-17110.613	1	695
-17109.840	1	698
-17109.068	1	691
-17108.296	1	679
-17107.524	1	690
-17106.752	1	690
-17105.981	1	697
-17105.209	1	698
-17104.438	1	691
-17103.666	1	702
-17102.895	1	706
-17102.124	1	705
-17101.353	1	704
-17100.582	1	702
-17099.812	1	707
-17099.041	1	701
-17098.271	1	699
-17097.500	1	688
-17096.730	1	699
-17095.960	1	690
-17095.190	1	686
-17094.420	1	687
-17093.650	1	704
-17092.881	1	706
