-18243.143	1	698
-18242.186	1	713
-18241.229	1	715
-18240.273	1	700
-18239.316	1	706
-18238.360	1	724
-18237.404	1	708
-18236.447	1	710
-18235.492	1	711
-18234.536	1	720
-18233.580	1	722
-18232.625	1	726
-18231.669	1	714
-18230.714	1	699
-18229.759	1	713
-18228.805	1	721
-18227.850	1	697
-18226.895	1	711
-18225.941	1	697
-18224.987	1	723
-18224.033	1	710
-18223.079	1	722
-18222.126	1	708
-18221.172	1	725
-18220.219	1	725
-18219.265	1	715
-18218.312	1	718
-18217.360	1	703
-18216.407	1	696
-18215.454	1	710
-18214.502	1	708
-18213.550	1	732
-18212.598	1	718
-18211.646	1	719
-18210.694	1	732
-18209.742	1	718
-18208.791	1	700
-18207.840	1	724
-18206.888	1	701
-18205.937	1	708
-18204.987	1	733
-18204.036	1	718
-18203.086	1	726
-18202.135	1	707
-18201.185	1	722
-18200.235	1	701
-18199.285	1	710
-18198.335	1	728
-18197.386	1	711
-18196.437	1	730
-18195.487	1	710
-18194.538	1	718
-18193.589	1	727
-18192.641	1	728
-18191.692	1	701
-18190.744	1	725
-18189.795	1	717
-18188.847	1	744
-18187.899	1	717
-18186.952	1	731
-18186.004	1	729
-18185.057	1	726
-18184.109	1	733
-18183.162	1	759
-18182.215	1	760
-18181.268	1	774
-18180.322	1	784
-18179.375	1	796
-18178.429	1	825
-18177.482	1	810
-18176.536	1	828
-18175.591	1	793
-18174.645	1	789
-18173.699	1	777
-18172.754	1	734
-18171.809	1	760
-18170.863	1	738
-18169.919	1	731
-18168.974	1	713
-18168.029	1	737
-18167.085	1	724
-18166.140	1	727
-18165.196	1	730
-18164.252	1	717
-18163.308	1	746
-18162.365	1	715
-18161.421	1	728
-18160.478	1	714
-18159.535	1	714
-18158.592	1	711
-18157.649	1	722
-18156.706	1	724
-18155.763	1	721
-18154.821	1	724
-18153.879	1	719
-18152.937	1	730
-18151.995	1	736
-18151.053	1	742
-18150.111	1	724
-18149.170	1	724
-18148.229	1	734
-18147.287	1	718
-18146.346	1	722
-18145.406	1	721
-18144.465	1	722
-18143.524	1	721
-18142.584	1	731
-18141.644	1	722
-18140.704	1	727
-18139.764	1	717
-18138.824	1	706
-18137.884	1	725
-18136.945	1	735
-18136.006	1	725
-18135.067	1	723
-18134.128	1	726
-18133.189	1	734
-18132.250	1	735
-18131.312	1	735
-18130.373	1	734
-18129.435	1	726
-18128.497	1	738
-18127.559	1	729
-18126.622	1	754
-18125.684	1	724
-18124.747	1	746
-18123.809	1	709
-18122.872	1	734
-18121.935	1	727
-18120.999	1	735
-18120.062	1	723
-18119.126	1	709
-18118.189	1	732
-18117.253	1	726
-18116.317	1	718
-18115.381	1	714
-18114.446	1	696
-18113.510	1	723
-18112.575	1	727
-18111.640	1	702
-18110.705	1	717
-18109.770	1	712
-18108.835	1	721
-18107.900	1	711
-18106.966	1	730
-18106.032	1	742
-18105.097	1	709
-18104.164	1	721
-18103.230	1	718
-18102.296	1	721
-18101.363	1	725
-18100.429	1	720
-18099.496	1	729
-18098.563	1	709
-18097.630	1	737
-18096.697	1	728
-18095.765	1	721
-18094.832	1	707
-18093.900	1	721
-18092.968	1	711
-18092.036	1	736
-18091.104	1	729
-18090.173	1	722
-18089.241	1	745
-18088.310	1	730
-18087.379	1	741
-18086.448	1	736
-18085.517	1	737
-18084.586	1	747
-18083.656	1	742
-18082.725	1	750
-18081.795	1	719
-18080.865	1	721
-18079.935	1	743
-18079.005	1	700
-18078.076	1	725
-18077.146	1	743
-18076.217	1	744
-18075.288	1	714
-18074.359	1	723
-18073.430	1	729
-18072.501	1	710
-18071.573	1	716
-18070.644	1	698
-18069.716	1	724
-18068.788	1	738
-18067.860	1	730
-18066.932	1	749
-18066.005	1	737
-18065.077	1	739
-18064.150	1	724
-18063.223	1	731
-18062.296	1	729
-18061.369	1	714
-18060.442	1	737
-18059.516	1	723
-18058.589	1	718
-18057.663	1	736
-18056.737	1	707
-18055.811	1	727
-18054.885	1	709
-18053.960	1	715
-18053.034	1	731
-18052.109	1	739
-18051.184	1	732
-18050.259	1	719
-18049.334	1	699
-18048.409	1	744
-18047.485	1	738
-18046.560	1	739
-18045.636	1	727
-18044.712	1	738
-18043.788	1	739
-18042.864	1	727
-18041.941	1	733
-18041.017	1	712
-18040.094	1	738
-18039.171	1	735
-18038.248	1	745
-18037.325	1	714
-18036.402	1	721
-18035.480	1	722
-18034.557	1	709
-18033.635	1	708
-18032.713	1	718
-18031.791	1	707
-18030.869	1	739
-18029.948	1	738
-18029.026	1	747
-18028.105	1	750
-18027.184	1	745
-18026.263	1	751
-18025.342	1	727
-18024.421	1	748
-18023.501	1	746
-18022.580	1	753
-18021.660	1	750
-18020.740	1	752
-18019.820	1	772
-18018.900	1	752
-18017.981	1	770
-18017.061	1	758
-18016.142	1	764
-18015.223	1	788
-18014.304	1	783
-18013.385	1	781
-18012.466	1	771
-18011.547	1	782
-18010.629	1	763
-18009.711	1	759
-18008.793	1	778
-18007.875	1	737
-18006.957	1	725
-18006.039	1	753
-18005.122	1	751
-18004.204	1	748
-18003.287	1	759
-18002.370	1	736
-18001.453	1	730
-18000.536	1	728
-17999.620	1	726
-17998.703	1	733
-17997.787	1	741
-17996.871	1	734
-17995.955	1	737
-17995.039	1	719
-17994.123	1	762
-17993.208	1	746
-17992.293	1	733
-17991.377	1	735
-17990.462	1	745
-17989.547	1	748
-17988.633	1	737
-17987.718	1	721
-17986.804	1	730
-17985.889	1	724
-17984.975	1	722
-17984.061	1	736
-17983.147	1	739
-17982.233	1	722
-17981.320	1	733
-17980.406	1	748
-17979.493	1	738
-17978.580	1	736
-17977.667	1	739
-17976.754	1	727
-17975.842	1	731
-17974.929	1	727
-17974.017	1	716
-17973.105	1	729
-17972.193	1	734
-17971.281	1	740
-17970.369	1	749
-17969.457	1	736
-17968.546	1	727
-17967.635	1	734
-17966.723	1	722
-17965.812	1	724
-17964.902	1	718
-17963.991	1	730
-17963.080	1	743
-17962.170	1	734
-17961.260	1	736
-17960.350	1	720
-17959.440	1	747
-17958.530	1	729
-17957.620	1	745
-17956.711	1	740
-17955.802	1	743
-17954.892	1	743
-17953.983	1	726
-17953.074	1	731
-17952.166	1	732
-17951.257	1	750
-17950.349	1	731
-17949.440	1	717
-17948.532	1	734
-17947.624	1	729
-17946.716	1	723
-17945.809	1	731
-17944.901	1	737
-17943.994	1	739
-17943.087	1	729
-17942.179	1	728
-17941.273	1	728
-17940.366	1	721
-17939.459	1	728
-17938.553	1	736
-17937.646	1	738
-17936.740	1	748
-17935.834	1	740
-17934.928	1	724
-17934.022	1	746
-17933.117	1	752
-17932.211	1	730
-17931.306	1	724
-17930.401	1	753
-17929.496	1	733
-17928.591	1	735
-17927.686	1	724
-17926.782	1	725
-17925.878	1	738
-17924.973	1	727
-17924.069	1	738
-17923.165	1	752
-17922.261	1	744
-17921.358	1	744
-17920.454	1	734
-17919.551	1	720
-17918.648	1	736
-17917.745	1	740
-17916.842	1	739
-17915.939	1	714
-17915.036	1	719
-17914.134	1	727
-17913.232	1	740
-17912.330	1	730
-17911.428	1	740
-17910.526	1	742
-17909.624	1	747
-17908.722	1	746
-17907.821	1	738
-17906.920	1	731
-17906.019	1	746
-17905.118	1	707
-17904.217	1	739
-17903.316	1	721
-17902.416	1	748
-17901.515	1	733
-17900.615	1	741
-17899.715	1	746
-17898.815	1	747
-17897.915	1	736
-17897.016	1	738
-17896.116	1	741
-17895.217	1	720
-17894.318	1	730
-17893.419	1	741
-17892.520	1	724
-17891.621	1	717
-17890.722	1	727
-17889.824	1	746
-17888.926	1	724
-17888.028	1	741
-17887.130	1	736
-17886.232	1	720
-17885.334	1	745
-17884.436	1	722
-17883.539	1	728
-17882.642	1	731
-17881.745	1	731
-17880.848	1	737
-17879.951	1	738
-17879.054	1	753
-17878.158	1	754
-17877.261	1	737
-17876.365	1	731
-17875.469	1	742
-17874.573	1	732
-17873.677	1	758
-17872.782	1	738
-17871.886	1	744
-17870.991	1	744
-17870.096	1	741
-17869.201	1	738
-17868.306	1	723
-17867.411	1	755
-17866.516	1	735
-17865.622	1	720
-17864.728	1	731
-17863.833	1	743
-17862.939	1	724
-17862.045	1	727
-17861.152	1	738
-17860.258	1	746
-17859.365	1	744
-17858.471	1	741
-17857.578	1	750
-17856.685	1	753
-17855.793	1	740
-17854.900	1	722
-17854.007	1	737
-17853.115	1	750
-17852.223	1	759
-17851.331	1	747
-17850.439	1	746
-17849.547	1	714
-17848.655	1	749
-17847.764	1	749
-17846.872	1	749
-17845.981	1	715
-17845.090	1	720
-17844.199	1	726
-17843.308	1	733
-17842.418	1	738
-17841.527	1	743
-17840.637	1	740
-17839.746	1	757
-17838.856	1	737
-17837.967	1	731
-17837.077	1	725
-17836.187	1	716
-17835.298	1	739
-17834.408	1	728
-17833.519	1	731
-17832.630	1	718
-17831.741	1	733
-17830.853	1	738
-17829.964	1	730
-17829.075	1	752
-17828.187	1	731
-17827.299	1	739
-17826.411	1	702
-17825.523	1	720
-17824.635	1	739
-17823.748	1	733
-17822.860	1	737
-17821.973	1	729
-17821.086	1	747
-17820.199	1	698
-17819.312	1	734
-17818.426	1	747
-17817.539	1	724
-17816.653	1	736
-17815.766	1	723
-17814.880	1	748
-17813.994	1	722
-17813.108	1	748
-17812.223	1	731
-17811.337	1	725
-17810.452	1	747
-17809.567	1	738
-17808.681	1	732
-17807.797	1	740
-17806.912	1	713
-17806.027	1	739
-17805.143	1	759
-17804.258	1	708
-17803.374	1	719
-17802.490	1	743
-17801.606	1	726
-17800.722	1	725
-17799.838	1	726
-17798.955	1	744
-17798.072	1	721
-17797.188	1	739
-17796.305	1	749
-17795.422	1	737
-17794.540	1	728
-17793.657	1	737
-17792.775	1	719
-17791.892	1	746
-17791.010	1	736
-17790.128	1	743
-17789.246	1	748
-17788.364	1	716
-17787.483	1	742
-17786.601	1	728
-17785.720	1	730
-17784.839	1	743
-17783.958	1	749
-17783.077	1	740
-17782.196	1	746
-17781.315	1	728
-17780.435	1	750
-17779.555	1	727
-17778.674	1	737
-17777.794	1	756
-17776.914	1	716
-17776.035	1	734
-17775.155	1	753
-17774.276	1	725
-17773.396	1	726
-17772.517	1	734
-17771.638	1	730
-17770.759	1	731
-17769.881	1	729
-17769.002	1	754
-17768.124	1	760
-17767.245	1	731
-17766.367	1	751
-17765.489	1	729
-17764.611	1	749
-17763.733	1	739
-17762.856	1	721
-17761.978	1	733
-17761.101	1	733
-17760.224	1	722
-17759.347	1	730
-17758.470	1	732
-17757.593	1	740
-17756.717	1	730
-17755.840	1	729
-17754.964	1	733
-17754.088	1	730
-17753.212	1	725
-17752.336	1	730
-17751.460	1	746
-17750.585	1	726
-17749.709	1	737
-17748.834	1	751
-17747.959	1	746
-17747.084	1	717
-17746.209	1	718
-17745.334	1	738
-17744.460	1	732
-17743.585	1	738
-17742.711	1	741
-17741.837	1	740
-17740.963	1	733
-17740.089	1	725
-17739.215	1	734
-17738.342	1	733
-17737.468	1	722
-17736.595	1	729
-17735.722	1	724
-17734.849	1	718
-17733.976	1	741
-17733.103	1	734
-17732.231	1	729
-17731.358	1	740
-17730.486	1	736
-17729.614	1	744
-17728.742	1	731
-17727.870	1	727
-17726.998	1	767
-17726.127	1	737
-17725.255	1	740
-17724.384	1	718
-17723.513	1	738
-17722.642	1	742
-17721.771	1	721
-17720.900	1	719
-17720.030	1	739
-17719.159	1	716
-17718.289	1	730
-17717.419	1	745
-17716.549	1	721
-17715.679	1	742
-17714.809	1	722
-17713.940	1	714
-17713.070	1	725
-17712.201	1	739
-17711.332	1	710
-17710.463	1	725
-17709.594	1	725
-17708.725	1	726
-17707.857	1	729
-17706.988	1	724
-17706.120	1	730
-17705.252	1	735
-17704.384	1	735
-17703.516	1	739
-17702.648	1	735
-17701.781	1	728
-17700.913	1	733
-17700.046	1	735
-17699.179	1	714
-17698.312	1	736
-17697.445	1	720
-17696.578	1	738
-17695.711	1	738
-17694.845	1	724
-17693.979	1	735
-17693.112	1	736
-17692.246	1	725
-17691.381	1	715
-17690.515	1	741
-17689.649	1	722
-17688.784	1	724
-17687.918	1	710
-17687.053	1	728
-17686.188	1	719
-17685.323	1	736
-17684.458	1	732
-17683.594	1	736
-17682.729	1	734
-17681.865	1	725
-17681.001	1	724
-17680.137	1	740
-17679.273	1	731
-17678.409	1	707
-17677.545	1	738
-17676.682	1	747
-17675.819	1	722
-17674.955	1	741
-17674.092	1	733
-17673.229	1	739
-17672.367	1	754
-17671.504	1	724
-17670.641	1	749
-17669.779	1	734
-17668.917	1	741
-17668.055	1	742
-17667.193	1	746
-17666.331	1	748
-17665.469	1	735
-17664.608	1	745
-17663.746	1	722
-17662.885	1	733
-17662.024	1	726
-17661.163	1	739
-17660.302	1	742
-17659.441	1	735
-17658.581	1	733
-17657.721	1	728
-17656.860	1	750
-17656.000	1	725
-17655.140	1	735
-17654.280	1	722
-17653.421	1	730
-17652.561	1	698
-17651.702	1	731
-17650.842	1	725
-17649.983	1	720
-17649.124	1	726
-17648.265	1	720
-17647.407	1	725
-17646.548	1	728
-17645.690	1	726
-17644.831	1	719
-17643.973	1	736
-17643.115	1	740
-17642.257	1	745
-17641.399	1	739
-17640.542	1	730
-17639.684	1	718
-17638.827	1	724
-17637.970	1	719
-17637.113	1	730
-17636.256	1	741
-17635.399	1	735
-17634.542	1	736
-17633.686	1	714
-17632.830	1	726
-17631.973	1	727
-17631.117	1	738
-17630.261	1	734
-17629.406	1	730
-17628.550	1	723
-17627.694	1	720
-17626.839	1	708
-17625.984	1	741
-17625.129	1	723
-17624.274	1	707
-17623.419	1	737
-17622.564	1	723
-17621.710	1	752
-17620.855	1	757
-17620.001	1	733
-17619.147	1	733
-17618.293	1	756
-17617.439	1	730
-17616.585	1	740
-17615.732	1	744
-17614.878	1	738
-17614.025	1	739
-17613.172	1	751
-17612.319	1	755
-17611.466	1	760
-17610.613	1	749
-17609.761	1	758
-17608.908	1	736
-17608.056	1	749
-17607.204	1	734
-17606.352	1	775
-17605.500	1	738
-17604.648	1	739
-17603.796	1	756
-17602.945	1	767
-17602.094	1	743
-17601.242	1	747
-17600.391	1	737
-17599.540	1	738
-17598.689	1	770
-17597.839	1	737
-17596.988	1	758
-17596.138	1	734
-17595.288	1	709
-17594.438	1	748
-17593.588	1	731
-17592.738	1	752
-17591.888	1	742
-17591.038	1	729
-17590.189	1	727
-17589.340	1	730
-17588.491	1	736
-17587.642	1	728
-17586.793	1	735
-17585.944	1	741
-17585.095	1	719
-17584.247	1	719
-17583.399	1	745
-17582.550	1	731
-17581.702	1	735
-17580.855	1	722
-17580.007	1	726
-17579.159	1	701
-17578.312	1	725
-17577.464	1	710
-17576.617	1	722
-17575.770	1	735
-17574.923	1	719
-17574.076	1	717
-17573.230	1	734
-17572.383	1	721
-17571.537	1	722
-17570.690	1	730
-17569.844	1	723
-17568.998	1	753
-17568.152	1	736
-17567.307	1	716
-17566.461	1	711
-17565.616	1	722
-17564.770	1	746
-17563.925	1	738
-17563.080	1	731
-17562.235	1	713
-17561.391	1	725
-17560.546	1	727
-17559.702	1	713
-17558.857	1	722
-17558.013	1	722
-17557.169	1	725
-17556.325	1	718
-17555.481	1	720
-17554.638	1	714
-17553.794	1	707
-17552.951	1	729
-17552.108	1	717
-17551.264	1	714
-17550.421	1	728
-17549.579	1	713
-17548.736	1	733
-17547.893	1	729
-17547.051	1	732
-17546.209	1	723
-17545.367	1	712
-17544.525	1	736
-17543.683	1	701
-17542.841	1	710
-17541.999	1	726
-17541.158	1	690
-17540.316	1	730
-17539.475	1	724
-17538.634	1	724
-17537.793	1	714
-17536.953	1	718
-17536.112	1	734
-17535.271	1	731
-17534.431	1	741
-17533.591	1	728
-17532.751	1	725
-17531.911	1	731
-17531.071	1	725
-17530.231	1	730
-17529.392	1	736
-17528.552	1	721
-17527.713	1	720
-17526.874	1	725
-17526.035	1	738
-17525.196	1	726
-17524.357	1	714
-17523.518	1	717
-17522.680	1	744
-17521.842	1	731
-17521.003	1	709
-17520.165	1	732
-17519.327	1	708
-17518.490	1	727
-17517.652	1	712
-17516.815	1	730
-17515.977	1	747
-17515.140	1	712
-17514.303	1	716
-17513.466	1	745
-17512.629	1	728
-17511.792	1	721
-17510.956	1	731
-17510.119	1	736
-17509.283	1	723
-17508.447	1	728
-17507.611	1	742
-17506.775	1	735
-17505.939	1	741
-17505.103	1	700
-17504.268	1	729
-17503.433	1	745
-17502.597	1	718
-17501.762	1	744
-17500.927	1	731
-17500.092	1	726
-17499.258	1	728
-17498.423	1	738
-17497.589	1	741
-17496.755	1	739
-17495.920	1	742
-17495.086	1	714
-17494.252	1	730
-17493.419	1	731
-17492.585	1	732
-17491.752	1	750
-17490.918	1	730
-17490.085	1	728
-17489.252	1	723
-17488.419	1	726
-17487.586	1	736
-17486.754	1	733
-17485.921	1	714
-17485.089	1	729
-17484.257	1	754
-17483.424	1	740
-17482.592	1	741
-17481.761	1	750
-17480.929	1	739
-17480.097	1	745
-17479.266	1	746
-17478.434	1	740
-17477.603	1	733
-17476.772	1	713
-17475.941	1	729
-17475.111	1	753
-17474.280	1	759
-17473.449	1	744
-17472.619	1	742
-17471.789	1	728
-17470.959	1	736
-17470.129	1	740
-17469.299	1	735
-17468.469	1	728
-17467.640	1	749
-17466.810	1	726
-17465.981	1	724
-17465.152	1	720
-17464.323	1	727
-17463.494	1	733
-17462.665	1	721
-17461.836	1	717
-17461.008	1	729
-17460.179	1	720
-17459.351	1	722
-17458.523	1	706
-17457.695	1	720
-17456.867	1	719
-17456.040	1	698
-17455.212	1	723
-17454.385	1	722
-17453.557	1	734
-17452.730	1	716
-17451.903	1	744
-17451.076	1	733
-17450.249	1	747
-17449.423	1	711
-17448.596	1	725
-17447.770	1	738
-17446.944	1	754
-17446.118	1	736
-17445.292	1	751
-17444.466	1	727
-17443.640	1	742
-17442.814	1	740
-17441.989	1	720
-17441.164	1	761
-17440.339	1	743
-17439.514	1	758
-17438.689	1	776
-17437.864	1	771
-17437.039	1	775
-17436.215	1	775
-17435.390	1	759
-17434.566	1	794
-17433.742	1	801
-17432.918	1	795
-17432.094	1	788
-17431.270	1	800
-17430.447	1	793
-17429.623	1	785
-17428.800	1	775
-17427.977	1	774
-17427.154	1	769
-17426.331	1	757
-17425.508	1	747
-17424.686	1	759
-17423.863	1	722
-17423.041	1	762
-17422.218	1	733
-17421.396	1	740
-17420.574	1	736
-17419.752	1	720
-17418.931	1	706
-17418.109	1	731
-17417.288	1	717
-17416.466	1	731
-17415.645	1	732
-17414.824	1	745
-17414.003	1	740
-17413.182	1	733
-17412.362	1	727
-17411.541	1	730
-17410.721	1	713
-17409.901	1	732
-17409.080	1	748
-17408.260	1	718
-17407.441	1	720
-17406.621	1	731
-17405.801	1	752
-17404.982	1	733
-17404.162	1	714
-17403.343	1	717
-17402.524	1	722
-17401.705	1	738
-17400.886	1	719
-17400.068	1	725
-17399.249	1	727
-17398.431	1	733
-17397.612	1	730
-17396.794	1	732
-17395.976	1	715
-17395.158	1	723
-17394.341	1	732
-17393.523	1	736
-17392.705	1	729
-17391.888	1	724
-17391.071	1	722
-17390.254	1	736
-17389.437	1	735
-17388.620	1	713
-17387.803	1	718
-17386.987	1	740
-17386.170	1	717
-17385.354	1	732
-17384.538	1	735
-17383.722	1	727
-17382.906	1	733
-17382.090	1	727
-17381.274	1	732
-17380.459	1	732
-17379.643	1	720
-17378.828	1	728
-17378.013	1	731
-17377.198	1	730
-17376.383	1	736
-17375.568	1	726
-17374.754	1	728
-17373.939	1	741
-17373.125	1	736
-17372.311	1	746
-17371.497	1	740
-17370.683	1	744
-17369.869	1	732
-17369.055	1	725
-17368.242	1	745
-17367.428	1	733
-17366.615	1	742
-17365.802	1	714
-17364.989	1	719
-17364.176	1	730
-17363.363	1	736
-17362.550	1	728
-17361.738	1	724
-17360.925	1	730
-17360.113	1	718
-17359.301	1	727
-17358.489	1	728
-17357.677	1	728
-17356.865	1	727
-17356.054	1	740
-17355.242	1	716
-17354.431	1	724
-17353.620	1	726
-17352.809	1	727
-17351.998	1	732
-17351.187	1	723
-17350.376	1	726
-17349.566	1	734
-17348.755	1	718
-17347.945	1	713
-17347.135	1	725
-17346.325	1	700
-17345.515	1	720
-17344.705	1	718
-17343.895	1	723
-17343.086	1	733
-17342.276	1	726
-17341.467	1	720
-17340.658	1	719
-17339.849	1	734
-17339.040	1	725
-17338.231	1	739
-17337.423	1	715
-17336.614	1	715
-17335.806	1	722
-17334.998	1	712
-17334.190	1	722
-17333.382	1	741
-17332.574	1	730
-17331.766	1	747
-17330.959	1	720
-17330.151	1	729
-17329.344	1	713
-17328.537	1	745
-17327.730	1	740
-17326.923	1	718
-17326.116	1	703
-17325.309	1	719
-17324.503	1	730
-17323.696	1	729
-17322.890	1	716
-17322.084	1	725
-17321.278	1	730
-17320.472	1	723
-17319.666	1	718
-17318.860	1	723
-17318.055	1	736
-17317.250	1	746
-17316.444	1	734
-17315.639	1	720
-17314.834	1	731
-17314.029	1	740
-17313.225	1	748
-17312.420	1	720
-17311.616	1	711
-17310.811	1	745
-17310.007	1	733
-17309.203	1	736
-17308.399	1	718
-17307.595	1	730
-17306.791	1	730
-17305.988	1	720
-17305.184	1	729
-17304.381	1	745
-17303.578	1	736
-17302.775	1	751
-17301.972	1	742
-17301.169	1	744
-17300.366	1	753
-17299.564	1	766
-17298.761	1	744
-17297.959	1	756
-17297.157	1	762
-17296.355	1	744
-17295.553	1	765
-17294.751	1	719
-17293.950	1	762
-17293.148	1	751
-17292.347	1	771
-17291.545	1	761
-17290.744	1	787
-17289.943	1	791
-17289.142	1	780
-17288.342	1	799
-17287.541	1	802
-17286.741	1	789
-17285.940	1	780
-17285.140	1	787
-17284.340	1	804
-17283.540	1	785
-17282.740	1	794
-17281.940	1	779
-17281.141	1	773
-17280.341	1	766
-17279.542	1	776
-17278.743	1	750
-17277.944	1	773
-17277.145	1	751
-17276.346	1	762
-17275.547	1	740
-17274.749	1	735
-17273.950	1	731
-17273.152	1	729
-17272.354	1	747
-17271.556	1	727
-17270.758	1	742
-17269.960	1	735
-17269.162	1	749
-17268.365	1	706
-17267.567	1	725
-17266.770	1	729
-17265.973	1	736
-17265.176	1	725
-17264.379	1	734
-17263.582	1	733
-17262.785	1	722
-17261.989	1	729
-17261.192	1	731
-17260.396	1	717
-17259.600	1	725
-17258.804	1	723
-17258.008	1	743
-17257.212	1	747
-17256.417	1	737
-17255.621	1	719
-17254.826	1	731
-17254.030	1	728
-17253.235	1	726
-17252.440	1	734
-17251.645	1	720
-17250.851	1	726
-17250.056	1	730
-17249.262	1	719
-17248.467	1	740
-17247.673	1	724
-17246.879	1	722
-17246.085	1	730
-17245.291	1	721
-17244.497	1	711
-17243.704	1	735
-17242.910	1	729
-17242.117	1	727
-17241.324	1	739
-17240.530	1	720
-17239.737	1	724
-17238.945	1	736
-17238.152	1	727
-17237.359	1	735
-17236.567	1	715
-17235.775	1	730
-17234.982	1	726
-17234.190	1	718
-17233.398	1	736
-17232.606	1	734
-17231.815	1	743
-17231.023	1	742
-17230.232	1	726
-17229.440	1	748
-17228.649	1	721
-17227.858	1	720
-17227.067	1	746
-17226.276	1	730
-17225.486	1	734
-17224.695	1	746
-17223.905	1	737
-17223.114	1	758
-17222.324	1	740
-17221.534	1	763
-17220.744	1	767
-17219.954	1	755
-17219.165	1	750
-17218.375	1	759
-17217.586	1	744
-17216.796	1	739
-17216.007	1	744
-17215.218	1	750
-17214.429	1	728
-17213.640	1	745
-17212.852	1	740
-17212.063	1	724
-17211.275	1	730
-17210.486	1	723
-17209.698	1	731
-17208.910	1	734
-17208.122	1	720
-17207.334	1	728
-17206.547	1	718
-17205.759	1	724
-17204.972	1	725
-17204.184	1	730
-17203.397	1	723
-17202.610	1	712
-17201.823	1	722
-17201.036	1	723
-17200.250	1	722
-17199.463	1	734
-17198.677	1	728
-17197.890	1	724
-17197.104	1	732
-17196.318	1	729
-17195.532	1	721
-17194.746	1	721
-17193.961	1	739
-17193.175	1	724
-17192.390	1	721
-17191.605	1	709
-17190.819	1	699
-17190.034	1	736
-17189.249	1	709
-17188.465	1	739
-17187.680	1	721
-17186.895	1	727
-17186.111	1	718
-17185.327	1	729
-17184.543	1	727
-17183.758	1	721
-17182.975	1	731
-17182.191	1	704
-17181.407	1	704
-17180.624	1	722
-17179.840	1	709
-17179.057	1	714
-17178.274	1	725
-17177.491	1	731
-17176.708	1	725
-17175.925	1	726
-17175.142	1	704
-17174.360	1	706
-17173.577	1	710
-17172.795	1	697
-17172.013	1	712
-17171.231	1	694
-17170.449	1	685
-17169.667	1	690
-17168.885	1	701
-17168.104	1	711
-17167.322	1	706
-17166.541	1	690
-17165.760	1	714
-17164.979	1	701
-17164.198	1	717
-17163.417	1	724
-17162.636	1	721
-17161.856	1	704
-17161.075	1	722
-17160.295	1	698
-17159.515	1	716
-17158.735	1	736
-17157.955	1	710
-17157.175	1	729
-17156.395	1	705
-17155.616	1	735
-17154.836	1	722
-17154.057	1	750
-17153.278	1	742
-17152.499	1	718
-17151.720	1	741
-17150.941	1	709
-17150.162	1	734
-17149.384	1	735
-17148.605	1	753
-17147.827	1	757
-17147.049	1	759
-17146.271	1	743
-17145.493	1	764
-17144.715	1	757
-17143.937	1	763
-17143.160	1	756
-17142.382	1	732
-17141.605	1	744
-17140.828	1	755
-17140.051	1	724
-17139.274	1	735
-17138.497	1	740
-17137.720	1	700
-17136.943	1	726
-17136.167	1	732
-17135.391	1	704
-17134.614	1	704
-17133.838	1	699
-17133.062	1	715
-17132.286	1	729
-17131.511	1	701
-17130.735	1	702
-17129.960	1	708
-17129.184	1	718
-17128.409	1	693
-17127.634	1	697
-17126.859	1	686
-17126.084	1	690
-17125.309	1	712
-17124.535	1	707
-17123.760	1	710
-17122.986	1	704
-17122.212	1	692
-17121.437	1	702
-17120.663	1	699
-17119.890	1	703
-17119.116	1	690
-17118.342	1	686
-17117.569	1	704
-17116.795	1	692
-17116.022	1	690
-17115.249	1	701
-17114.476	1	681
-17113.703	1	703
-17112.930	1	692
-17112.157	1	709
-17111.385	1	709
-17110.613	1	700
-17109.840	1	698
-17109.068	1	715
-17108.296	1	691
-17107.524	1	698
-17106.752	1	693
-17105.981	1	703
-17105.209	1	710
-17104.438	1	699
-17103.666	1	699
-17102.895	1	678
-17102.124	1	705
-17101.353	1	705
-17100.582	1	705
-17099.812	1	698
-17099.041	1	709
-17098.271	1	688
-17097.500	1	707
-17096.730	1	692
-17095.960	1	688
-17095.190	1	704
-17094.420	1	689
-17093.650	1	702
-17092.881	1	692
