-18243.143	1	675
-18242.186	1	681
-18241.229	1	679
-18240.273	1	690
-18239.316	1	693
-18238.360	1	694
-18237.404	1	671
-18236.447	1	696
-18235.492	1	691
-18234.536	1	695
-18233.580	1	689
-18232.625	1	688
-18231.669	1	693
-18230.714	1	680
-18229.759	1	680
-18228.805	1	687
-18227.850	1	697
-18226.895	1	673
-18225.941	1	684
-18224.987	1	690
-18224.033	1	683
-18223.079	1	684
-18222.126	1	674
-18221.172	1	703
-18220.219	1	692
-18219.265	1	692
-18218.312	1	689
-18217.360	1	704
-18216.407	1	691
-18215.454	1	683
-18214.502	1	687
-18213.550	1	694
-18212.598	1	690
-18211.646	1	692
-18210.694	1	692
-18209.742	1	703
-18208.791	1	696
-18207.840	1	685
-18206.888	1	695
-18205.937	1	698
-18204.987	1	680
-18204.036	1	697
-18203.086	1	681
-18202.135	1	703
-18201.185	1	697
-18200.235	1	686
-18199.285	1	704
-18198.335	1	692
-18197.386	1	685
-18196.437	1	700
-18195.487	1	686
-18194.538	1	685
-18193.589	1	691
-18192.641	1	686
-18191.692	1	686
-18190.744	1	711
-18189.795	1	708
-18188.847	1	688
-18187.899	1	705
-18186.952	1	685
-18186.004	1	711
-18185.057	1	712
-18184.109	1	696
-18183.162	1	703
-18182.215	1	717
-18181.268	1	722
-18180.322	1	752
-18179.375	1	743
-18178.429	1	759
-18177.482	1	759
-18176.536	1	757
-18175.591	1	741
-18174.645	1	726
-18173.699	1	722
-18172.754	1	708
-18171.809	1	710
-18170.863	1	716
-18169.919	1	715
-18168.974	1	696
-18168.029	1	695
-18167.085	1	713
-18166.140	1	713
-18165.196	1	691
-18164.252	1	695
-18163.308	1	703
-18162.365	1	690
-18161.421	1	700
-18160.478	1	707
-18159.535	1	705
-18158.592	1	719
-18157.649	1	709
-18156.706	1	707
-18155.763	1	707
-18154.821	1	703
-18153.879	1	697
-18152.937	1	717
-18151.995	1	702
-18151.053	1	701
-18150.111	1	714
-18149.170	1	705
-18148.229	1	702
-18147.287	1	690
-18146.346	1	699
-18145.406	1	707
-18144.465	1	702
-18143.524	1	702
-18142.584	1	703
-18141.644	1	714
-18140.704	1	688
-18139.764	1	706
-18138.824	1	693
-18137.884	1	688
-18136.945	1	703
-18136.006	1	705
-18135.067	1	697
-18134.128	1	714
-18133.189	1	703
-18132.250	1	701
-18131.312	1	708
-18130.373	1	670
-18129.435	1	687
-18128.497	1	700
-18127.559	1	691
-18126.622	1	698
-18125.684	1	686
-18124.747	1	715
-18123.809	1	705
-18122.872	1	705
-18121.935	1	694
-18120.999	1	690
-18120.062	1	709
-18119.126	1	708
-18118.189	1	704
-18117.253	1	682
-18116.317	1	697
-18115.381	1	693
-18114.446	1	711
-18113.510	1	708
-18112.575	1	723
-18111.640	1	682
-18110.705	1	688
-18109.770	1	691
-18108.835	1	695
-18107.900	1	699
-18106.966	1	689
-18106.032	1	705
-18105.097	1	695
-18104.164	1	697
-18103.230	1	706
-18102.296	1	684
-18101.363	1	703
-18100.429	1	683
-18099.496	1	704
-18098.563	1	690
-18097.630	1	710
-18096.697	1	705
-18095.765	1	689
-18094.832	1	685
-18093.900	1	719
-18092.968	1	713
-18092.036	1	703
-18091.104	1	702
-18090.173	1	694
-18089.241	1	705
-18088.310	1	705
-18087.379	1	720
-18086.448	1	703
-18085.517	1	709
-18084.586	1	704
-18083.656	1	698
-18082.725	1	721
-18081.795	1	681
-18080.865	1	691
-18079.935	1	698
-18079.005	1	705
-18078.076	1	706
-18077.146	1	697
-18076.217	1	707
-18075.288	1	706
-18074.359	1	711
-18073.430	1	696
-18072.501	1	697
-18071.573	1	683
-18070.644	1	699
-18069.716	1	703
-18068.788	1	693
-18067.860	1	698
-18066.932	1	710
-18066.005	1	687
-18065.077	1	713
-18064.150	1	706
-18063.223	1	708
-18062.296	1	722
-18061.369	1	695
-18060.442	1	713
-18059.516	1	711
-18058.589	1	700
-18057.663	1	695
-18056.737	1	710
-18055.811	1	706
-18054.885	1	704
-18053.960	1	715
-18053.034	1	714
-18052.109	1	711
-18051.184	1	719
-18050.259	1	701
-18049.334	1	738
-18048.409	1	718
-18047.485	1	699
-18046.560	1	712
-18045.636	1	718
-18044.712	1	711
-18043.788	1	705
-18042.864	1	728
-18041.941	1	704
-18041.017	1	699
-18040.094	1	720
-18039.171	1	699
-18038.248	1	701
-18037.325	1	712
-18036.402	1	705
-18035.480	1	712
-18034.557	1	709
-18033.635	1	710
-18032.713	1	714
-18031.791	1	708
-18030.869	1	713
-18029.948	1	720
-18029.026	1	711
-18028.105	1	720
-18027.184	1	706
-18026.263	1	719
-18025.342	1	704
-18024.421	1	716
-18023.501	1	701
-18022.580	1	712
-18021.660	1	723
-18020.740	1	718
-18019.820	1	733
-18018.900	1	737
-18017.981	1	750
-18017.061	1	729
-18016.142	1	739
-18015.223	1	730
-18014.304	1	730
-18013.385	1	744
-18012.466	1	717
-18011.547	1	722
-18010.629	1	734
-18009.711	1	719
-18008.793	1	723
-18007.875	1	712
-18006.957	1	709
-18006.039	1	708
-18005.122	1	723
-18004.204	1	718
-18003.287	1	716
-18002.370	1	696
-18001.453	1	701
-18000.536	1	700
-17999.620	1	716
-17998.703	1	715
-17997.787	1	700
-17996.871	1	704
-17995.955	1	695
-17995.039	1	710
-17994.123	1	710
-17993.208	1	715
-17992.293	1	704
-17991.377	1	695
-17990.462	1	711
-17989.547	1	712
-17988.633	1	724
-17987.718	1	702
-17986.804	1	714
-17985.889	1	700
-17984.975	1	710
-17984.061	1	716
-17983.147	1	718
-17982.233	1	711
-17981.320	1	703
-17980.406	1	711
-17979.493	1	722
-17978.580	1	708
-17977.667	1	701
-17976.754	1	697
-17975.842	1	699
-17974.929	1	701
-17974.017	1	707
-17973.105	1	708
-17972.193	1	706
-17971.281	1	692
-17970.369	1	697
-17969.457	1	712
-17968.546	1	699
-17967.635	1	715
-17966.723	1	729
-17965.812	1	702
-17964.902	1	719
-17963.991	1	704
-17963.080	1	704
-17962.170	1	713
-17961.260	1	711
-17960.350	1	730
-17959.440	1	693
-17958.530	1	703
-17957.620	1	695
-17956.711	1	709
-17955.802	1	707
-17954.892	1	722
-17953.983	1	711
-17953.074	1	713
-17952.166	1	704
-17951.257	1	718
-17950.349	1	695
-17949.440	1	716
-17948.532	1	726
-17947.624	1	708
-17946.716	1	706
-17945.809	1	697
-17944.901	1	712
-17943.994	1	704
-17943.087	1	717
-17942.179	1	703
-17941.273	1	717
-17940.366	1	706
-17939.459	1	704
-17938.553	1	728
-17937.646	1	715
-17936.740	1	714
-17935.834	1	719
-17934.928	1	703
-17934.022	1	720
-17933.117	1	713
-17932.211	1	734
-17931.306	1	732
-17930.401	1	717
-17929.496	1	711
-17928.591	1	729
-17927.686	1	693
-17926.782	1	727
-17925.878	1	716
-17924.973	1	704
-17924.069	1	711
-17923.165	1	718
-17922.261	1	708
-17921.358	1	708
-17920.454	1	715
-17919.551	1	704
-17918.648	1	710
-17917.745	1	706
-17916.842	1	707
-17915.939	1	729
-17915.036	1	716
-17914.134	1	714
-17913.232	1	727
-17912.330	1	716
-17911.428	1	706
-17910.526	1	716
-17909.624	1	718
-17908.722	1	745
-17907.821	1	717
-17906.920	1	695
-17906.019	1	709
-17905.118	1	712
-17904.217	1	707
-17903.316	1	699
-17902.416	1	708
-17901.515	1	721
-17900.615	1	703
-17899.715	1	711
-17898.815	1	698
-17897.915	1	714
-17897.016	1	713
-17896.116	1	720
-17895.217	1	715
-17894.318	1	713
-17893.419	1	701
-17892.520	1	713
-17891.621	1	722
-17890.722	1	698
-17889.824	1	706
-17888.926	1	718
-17888.028	1	725
-17887.130	1	716
-17886.232	1	711
-17885.334	1	733
-17884.436	1	711
-17883.539	1	698
-17882.642	1	710
-17881.745	1	741
-17880.848	1	721
-17879.951	1	710
-17879.054	1	708
-17878.158	1	720
-17877.261	1	715
-17876.365	1	699
-17875.469	1	715
-17874.573	1	712
-17873.677	1	712
-17872.782	1	710
-17871.886	1	714
-17870.991	1	711
-17870.096	1	725
-17869.201	1	723
-17868.306	1	724
-17867.411	1	701
-17866.516	1	723
-17865.622	1	712
-17864.728	1	718
-17863.833	1	714
-17862.939	1	715
-17862.045	1	727
-17861.152	1	715
-17860.258	1	710
-17859.365	1	735
-17858.471	1	731
-17857.578	1	713
-17856.685	1	720
-17855.793	1	699
-17854.900	1	707
-17854.007	1	705
-17853.115	1	707
-17852.223	1	705
-17851.331	1	722
-17850.439	1	713
-17849.547	1	709
-17848.655	1	704
-17847.764	1	729
-17846.872	1	717
-17845.981	1	733
-17845.090	1	726
-17844.199	1	722
-17843.308	1	733
-17842.418	1	713
-17841.527	1	714
-17840.637	1	713
-17839.746	1	702
-17838.856	1	713
-17837.967	1	704
-17837.077	1	727
-17836.187	1	726
-17835.298	1	691
-17834.408	1	717
-17833.519	1	703
-17832.630	1	719
-17831.741	1	717
-17830.853	1	700
-17829.964	1	705
-17829.075	1	720
-17828.187	1	732
-17827.299	1	714
-17826.411	1	716
-17825.523	1	709
-17824.635	1	699
-17823.748	1	711
-17822.860	1	710
-17821.973	1	702
-17821.086	1	723
-17820.199	1	702
-17819.312	1	723
-17818.426	1	723
-17817.539	1	711
-17816.653	1	711
-17815.766	1	719
-17814.880	1	700
-17813.994	1	699
-17813.108	1	714
-17812.223	1	703
-17811.337	1	700
-17810.452	1	718
-17809.567	1	690
-17808.681	1	718
-17807.797	1	711
-17806.912	1	702
-17806.027	1	724
-17805.143	1	715
-17804.258	1	696
-17803.374	1	727
-17802.490	1	728
-17801.606	1	705
-17800.722	1	698
-17799.838	1	718
-17798.955	1	694
-17798.072	1	696
-17797.188	1	712
-17796.305	1	712
-17795.422	1	717
-17794.540	1	711
-17793.657	1	710
-17792.775	1	699
-17791.892	1	717
-17791.010	1	717
-17790.128	1	725
-17789.246	1	722
-17788.364	1	710
-17787.483	1	718
-17786.601	1	737
-17785.720	1	728
-17784.839	1	728
-17783.958	1	723
-17783.077	1	720
-17782.196	1	707
-17781.315	1	705
-17780.435	1	703
-17779.555	1	714
-17778.674	1	724
-17777.794	1	710
-17776.914	1	725
-17776.035	1	708
-17775.155	1	711
-17774.276	1	715
-17773.396	1	708
-17772.517	1	705
-17771.638	1	730
-17770.759	1	716
-17769.881	1	710
-17769.002	1	710
-17768.124	1	712
-17767.245	1	707
-17766.367	1	722
-17765.489	1	709
-17764.611	1	712
-17763.733	1	702
-17762.856	1	721
-17761.978	1	734
-17761.101	1	717
-17760.224	1	707
-17759.347	1	729
-17758.470	1	700
-17757.593	1	718
-17756.717	1	714
-17755.840	1	709
-17754.964	1	707
-17754.088	1	717
-17753.212	1	717
-17752.336	1	711
-17751.460	1	694
-17750.585	1	693
-17749.709	1	709
-17748.834	1	724
-17747.959	1	700
-17747.084	1	726
-17746.209	1	729
-17745.334	1	723
-17744.460	1	726
-17743.585	1	722
-17742.711	1	718
-17741.837	1	724
-17740.963	1	714
-17740.089	1	716
-17739.215	1	705
-17738.342	1	719
-17737.468	1	704
-17736.595	1	705
-17735.722	1	710
-17734.849	1	710
-17733.976	1	716
-17733.103	1	706
-17732.231	1	720
-17731.358	1	704
-17730.486	1	700
-17729.614	1	709
-17728.742	1	710
-17727.870	1	726
-17726.998	1	714
-17726.127	1	722
-17725.255	1	716
-17724.384	1	720
-17723.513	1	718
-17722.642	1	735
-17721.771	1	721
-17720.900	1	714
-17720.030	1	711
-17719.159	1	727
-17718.289	1	719
-17717.419	1	719
-17716.549	1	697
-17715.679	1	717
-17714.809	1	703
-17713.940	1	736
-17713.070	1	707
-17712.201	1	720
-17711.332	1	705
-17710.463	1	725
-17709.594	1	710
-17708.725	1	714
-17707.857	1	720
-17706.988	1	702
-17706.120	1	731
-17705.252	1	718
-17704.384	1	720
-17703.516	1	718
-17702.648	1	719
-17701.781	1	720
-17700.913	1	722
-17700.046	1	712
-17699.179	1	718
-17698.312	1	722
-17697.445	1	731
-17696.578	1	706
-17695.711	1	707
-17694.845	1	709
-17693.979	1	711
-17693.112	1	709
-17692.246	1	729
-17691.381	1	707
-17690.515	1	717
-17689.649	1	721
-17688.784	1	730
-17687.918	1	710
-17687.053	1	710
-17686.188	1	710
-17685.323	1	717
-17684.458	1	711
-17683.594	1	719
-17682.729	1	712
-17681.865	1	700
-17681.001	1	716
-17680.137	1	704
-17679.273	1	725
-17678.409	1	722
-17677.545	1	727
-17676.682	1	731
-17675.819	1	718
-17674.955	1	726
-17674.092	1	730
-17673.229	1	714
-17672.367	1	715
-17671.504	1	709
-17670.641	1	708
-17669.779	1	705
-17668.917	1	714
-17668.055	1	716
-17667.193	1	720
-17666.331	1	732
-17665.469	1	721
-17664.608	1	731
-17663.746	1	718
-17662.885	1	712
-17662.024	1	734
-17661.163	1	720
-17660.302	1	719
-17659.441	1	733
-17658.581	1	737
-17657.721	1	729
-17656.860	1	721
-17656.000	1	701
-17655.140	1	728
-17654.280	1	710
-17653.421	1	709
-17652.561	1	708
-17651.702	1	720
-17650.842	1	719
-17649.983	1	713
-17649.124	1	724
-17648.265	1	717
-17647.407	1	716
-17646.548	1	719
-17645.690	1	697
-17644.831	1	726
-17643.973	1	707
-17643.115	1	714
-17642.257	1	716
-17641.399	1	704
-17640.542	1	727
-17639.684	1	706
-17638.827	1	713
-17637.970	1	712
-17637.113	1	716
-17636.256	1	714
-17635.399	1	709
-17634.542	1	719
-17633.686	1	713
-17632.830	1	687
-17631.973	1	721
-17631.117	1	701
-17630.261	1	738
-17629.406	1	719
-17628.550	1	716
-17627.694	1	723
-17626.839	1	720
-17625.984	1	710
-17625.129	1	711
-17624.274	1	698
-17623.419	1	709
-17622.564	1	720
-17621.710	1	718
-17620.855	1	729
-17620.001	1	707
-17619.147	1	722
-17618.293	1	721
-17617.439	1	723
-17616.585	1	729
-17615.732	1	715
-17614.878	1	731
-17614.025	1	737
-17613.172	1	716
-17612.319	1	724
-17611.466	1	740
-17610.613	1	719
-17609.761	1	751
-17608.908	1	725
-17608.056	1	720
-17607.204	1	738
-17606.352	1	727
-17605.500	1	740
-17604.648	1	727
-17603.796	1	756
-17602.945	1	746
-17602.094	1	735
-17601.242	1	731
-17600.391	1	707
-17599.540	1	747
-17598.689	1	732
-17597.839	1	723
-17596.988	1	719
-17596.138	1	721
-17595.288	1	718
-17594.438	1	728
-17593.588	1	727
-17592.738	1	721
-17591.888	1	708
-17591.038	1	714
-17590.189	1	721
-17589.340	1	708
-17588.491	1	721
-17587.642	1	725
-17586.793	1	710
-17585.944	1	722
-17585.095	1	720
-17584.247	1	721
-17583.399	1	719
-17582.550	1	733
-17581.702	1	701
-17580.855	1	721
-17580.007	1	716
-17579.159	1	727
-17578.312	1	700
-17577.464	1	728
-17576.617	1	711
-17575.770	1	705
-17574.923	1	709
-17574.076	1	717
-17573.230	1	713
-17572.383	1	727
-17571.537	1	731
-17570.690	1	712
-17569.844	1	708
-17568.998	1	723
-17568.152	1	733
-17567.307	1	712
-17566.461	1	699
-17565.616	1	702
-17564.770	1	723
-17563.925	1	707
-17563.080	1	721
-17562.235	1	721
-17561.391	1	711
-17560.546	1	714
-17559.702	1	698
-17558.857	1	704
-17558.013	1	715
-17557.169	1	712
-17556.325	1	724
-17555.481	1	722
-17554.638	1	718
-17553.794	1	714
-17552.951	1	700
-17552.108	1	725
-17551.264	1	702
-17550.421	1	708
-17549.579	1	715
-17548.736	1	708
-17547.893	1	702
-17547.051	1	704
-17546.209	1	730
-17545.367	1	695
-17544.525	1	702
-17543.683	1	703
-17542.841	1	695
-17541.999	1	708
-17541.158	1	719
-17540.316	1	718
-17539.475	1	719
-17538.634	1	719
-17537.793	1	697
-17536.953	1	718
-17536.112	1	736
-17535.271	1	718
-17534.431	1	716
-17533.591	1	700
-17532.751	1	713
-17531.911	1	720
-17531.071	1	709
-17530.231	1	711
-17529.392	1	724
-17528.552	1	711
-17527.713	1	721
-17526.874	1	713
-17526.035	1	725
-17525.196	1	722
-17524.357	1	730
-17523.518	1	720
-17522.680	1	724
-17521.842	1	703
-17521.003	1	722
-17520.165	1	721
-17519.327	1	724
-17518.490	1	703
-17517.652	1	718
-17516.815	1	712
-17515.977	1	709
-17515.140	1	714
-17514.303	1	720
-17513.466	1	712
-17512.629	1	709
-17511.792	1	722
-17510.956	1	747
-17510.119	1	711
-17509.283	1	716
-17508.447	1	717
-17507.611	1	712
-17506.775	1	699
-17505.939	1	720
-17505.103	1	702
-17504.268	1	717
-17503.433	1	715
-17502.597	1	732
-17501.762	1	722
-17500.927	1	720
-17500.092	1	724
-17499.258	1	719
-17498.423	1	718
-17497.589	1	736
-17496.755	1	714
-17495.920	1	725
-17495.086	1	702
-17494.252	1	734
-17493.419	1	727
-17492.585	1	722
-17491.752	1	728
-17490.918	1	732
-17490.085	1	728
-17489.252	1	719
-17488.419	1	718
-17487.586	1	748
-17486.754	1	719
-17485.921	1	742
-17485.089	1	732
-17484.257	1	709
-17483.424	1	729
-17482.592	1	744
-17481.761	1	720
-17480.929	1	727
-17480.097	1	731
-17479.266	1	726
-17478.434	1	735
-17477.603	1	717
-17476.772	1	725
-17475.941	1	726
-17475.111	1	751
-17474.280	1	734
-17473.449	1	718
-17472.619	1	736
-17471.789	1	715
-17470.959	1	713
-17470.129	1	741
-17469.299	1	723
-17468.469	1	730
-17467.640	1	716
-17466.810	1	721
-17465.981	1	737
-17465.152	1	725
-17464.323	1	701
-17463.494	1	702
-17462.665	1	713
-17461.836	1	726
-17461.008	1	705
-17460.179	1	717
-17459.351	1	713
-17458.523	1	722
-17457.695	1	718
-17456.867	1	723
-17456.040	1	723
-17455.212	1	708
-17454.385	1	722
-17453.557	1	724
-17452.730	1	747
-17451.903	1	714
-17451.076	1	733
-17450.249	1	712
-17449.423	1	730
-17448.596	1	715
-17447.770	1	715
-17446.944	1	726
-17446.118	1	726
-17445.292	1	740
-17444.466	1	713
-17443.640	1	735
-17442.814	1	721
-17441.989	1	743
-17441.164	1	744
-17440.339	1	730
-17439.514	1	746
-17438.689	1	734
-17437.864	1	747
-17437.039	1	731
-17436.215	1	754
-17435.390	1	763
-17434.566	1	760
-17433.742	1	759
-17432.918	1	766
-17432.094	1	758
-17431.270	1	773
-17430.447	1	770
-17429.623	1	756
-17428.800	1	744
-17427.977	1	754
-17427.154	1	764
-17426.331	1	734
-17425.508	1	742
-17424.686	1	744
-17423.863	1	740
-17423.041	1	723
-17422.218	1	779
-17421.396	1	742
-17420.574	1	728
-17419.752	1	745
-17418.931	1	713
-17418.109	1	724
-17417.288	1	750
-17416.466	1	705
-17415.645	1	719
-17414.824	1	719
-17414.003	1	715
-17413.182	1	722
-17412.362	1	734
-17411.541	1	729
-17410.721	1	718
-17409.901	1	746
-17409.080	1	720
-17408.260	1	727
-17407.441	1	724
-17406.621	1	715
-17405.801	1	706
-17404.982	1	730
-17404.162	1	702
-17403.343	1	715
-17402.524	1	719
-17401.705	1	723
-17400.886	1	708
-17400.068	1	710
-17399.249	1	738
-17398.431	1	722
-17397.612	1	712
-17396.794	1	711
-17395.976	1	710
-17395.158	1	723
-17394.341	1	704
-17393.523	1	724
-17392.705	1	698
-17391.888	1	710
-17391.071	1	725
-17390.254	1	702
-17389.437	1	719
-17388.620	1	725
-17387.803	1	720
-17386.987	1	712
-17386.170	1	725
-17385.354	1	732
-17384.538	1	721
-17383.722	1	701
-17382.906	1	727
-17382.090	1	706
-17381.274	1	709
-17380.459	1	715
-17379.643	1	733
-17378.828	1	732
-17378.013	1	717
-17377.198	1	723
-17376.383	1	718
-17375.568	1	739
-17374.754	1	734
-17373.939	1	728
-17373.125	1	725
-17372.311	1	714
-17371.497	1	727
-17370.683	1	716
-17369.869	1	723
-17369.055	1	713
-17368.242	1	707
-17367.428	1	720
-17366.615	1	707
-17365.802	1	711
-17364.989	1	737
-17364.176	1	712
-17363.363	1	716
-17362.550	1	714
-17361.738	1	701
-17360.925	1	710
-17360.113	1	723
-17359.301	1	717
-17358.489	1	714
-17357.677	1	730
-17356.865	1	724
-17356.054	1	706
-17355.242	1	712
-17354.431	1	726
-17353.620	1	728
-17352.809	1	730
-17351.998	1	711
-17351.187	1	725
-17350.376	1	711
-17349.566	1	726
-17348.755	1	703
-17347.945	1	723
-17347.135	1	715
-17346.325	1	726
-17345.515	1	700
-17344.705	1	713
-17343.895	1	714
-17343.086	1	716
-17342.276	1	744
-17341.467	1	739
-17340.658	1	719
-17339.849	1	728
-17339.040	1	709
-17338.231	1	716
-17337.423	1	717
-17336.614	1	722
-17335.806	1	711
-17334.998	1	720
-17334.190	1	711
-17333.382	1	718
-17332.574	1	717
-17331.766	1	704
-17330.959	1	743
-17330.151	1	731
-17329.344	1	728
-17328.537	1	723
-17327.730	1	709
-17326.923	1	715
-17326.116	1	711
-17325.309	1	721
-17324.503	1	733
-17323.696	1	707
-17322.890	1	702
-17322.084	1	711
-17321.278	1	720
-17320.472	1	713
-17319.666	1	728
-17318.860	1	714
-17318.055	1	713
-17317.250	1	707
-17316.444	1	742
-17315.639	1	727
-17314.834	1	722
-17314.029	1	712
-17313.225	1	713
-17312.420	1	735
-17311.616	1	733
-17310.811	1	713
-17310.007	1	719
-17309.203	1	724
-17308.399	1	703
-17307.595	1	708
-17306.791	1	739
-17305.988	1	738
-17305.184	1	729
-17304.381	1	727
-17303.578	1	736
-17302.775	1	732
-17301.972	1	740
-17301.169	1	738
-17300.366	1	726
-17299.564	1	752
-17298.761	1	732
-17297.959	1	743
-17297.157	1	746
-17296.355	1	749
-17295.553	1	740
-17294.751	1	761
-17293.950	1	758
-17293.148	1	760
-17292.347	1	783
-17291.545	1	761
-17290.744	1	776
-17289.943	1	772
-17289.142	1	774
-17288.342	1	763
-17287.541	1	756
-17286.741	1	757
-17285.940	1	763
-17285.140	1	763
-17284.340	1	756
-17283.540	1	761
-17282.740	1	764
-17281.940	1	750
-17281.141	1	759
-17280.341	1	742
-17279.542	1	745
-17278.743	1	727
-17277.944	1	742
-17277.145	1	724
-17276.346	1	747
-17275.547	1	729
-17274.749	1	755
-17273.950	1	732
-17273.152	1	740
-17272.354	1	746
-17271.556	1	749
-17270.758	1	729
-17269.960	1	720
-17269.162	1	738
-17268.365	1	737
-17267.567	1	719
-17266.770	1	726
-17265.973	1	724
-17265.176	1	726
-17264.379	1	716
-17263.582	1	739
-17262.785	1	735
-17261.989	1	729
-17261.192	1	731
-17260.396	1	741
-17259.600	1	719
-17258.804	1	745
-17258.008	1	708
-17257.212	1	723
-17256.417	1	723
-17255.621	1	731
-17254.826	1	741
-17254.030	1	725
-17253.235	1	737
-17252.440	1	725
-17251.645	1	735
-17250.851	1	714
-17250.056	1	733
-17249.262	1	746
-17248.467	1	748
-17247.673	1	716
-17246.879	1	725
-17246.085	1	727
-17245.291	1	733
-17244.497	1	723
-17243.704	1	726
-17242.910	1	734
-17242.117	1	726
-17241.324	1	742
-17240.530	1	714
-17239.737	1	730
-17238.945	1	717
-17238.152	1	725
-17237.359	1	719
-17236.567	1	716
-17235.775	1	722
-17234.982	1	718
-17234.190	1	727
-17233.398	1	720
-17232.606	1	728
-17231.815	1	716
-17231.023	1	723
-17230.232	1	715
-17229.440	1	757
-17228.649	1	722
-17227.858	1	739
-17227.067	1	734
-17226.276	1	725
-17225.486	1	735
-17224.695	1	752
-17223.905	1	715
-17223.114	1	732
-17222.324	1	752
-17221.534	1	728
-17220.744	1	741
-17219.954	1	740
-17219.165	1	761
-17218.375	1	716
-17217.586	1	737
-17216.796	1	736
-17216.007	1	726
-17215.218	1	733
-17214.429	1	753
-17213.640	1	739
-17212.852	1	721
-17212.063	1	721
-17211.275	1	720
-17210.486	1	729
-17209.698	1	715
-17208.910	1	715
-17208.122	1	735
-17207.334	1	723
-17206.547	1	708
-17205.759	1	722
-17204.972	1	710
-17204.184	1	707
-17203.397	1	720
-17202.610	1	718
-17201.823	1	714
-17201.036	1	730
-17200.250	1	726
-17199.463	1	731
-17198.677	1	735
-17197.890	1	709
-17197.104	1	729
-17196.318	1	695
-17195.532	1	745
-17194.746	1	728
-17193.961	1	735
-17193.175	1	726
-17192.390	1	709
-17191.605	1	718
-17190.819	1	718
-17190.034	1	722
-17189.249	1	717
-17188.465	1	728
-17187.680	1	715
-17186.895	1	723
-17186.111	1	727
-17185.327	1	709
-17184.543	1	708
-17183.758	1	721
-17182.975	1	699
-17182.191	1	721
-17181.407	1	712
-17180.624	1	712
-17179.840	1	724
-17179.057	1	712
-17178.274	1	700
-17177.491	1	717
-17176.708	1	699
-17175.925	1	706
-17175.142	1	716
-17174.360	1	699
-17173.577	1	721
-17172.795	1	713
-17172.013	1	697
-17171.231	1	699
-17170.449	1	696
-17169.667	1	718
-17168.885	1	704
-17168.104	1	707
-17167.322	1	713
-17166.541	1	712
-17165.760	1	721
-17164.979	1	722
-17164.198	1	704
-17163.417	1	710
-17162.636	1	707
-17161.856	1	703
-17161.075	1	719
-17160.295	1	720
-17159.515	1	720
-17158.735	1	711
-17157.955	1	718
-17157.175	1	720
-17156.395	1	710
-17155.616	1	726
-17154.836	1	703
-17154.057	1	733
-17153.278	1	731
-17152.499	1	737
-17151.720	1	730
-17150.941	1	732
-17150.162	1	744
-17149.384	1	757
-17148.605	1	729
-17147.827	1	742
-17147.049	1	744
-17146.271	1	722
-17145.493	1	758
-17144.715	1	747
-17143.937	1	764
-17143.160	1	761
-17142.382	1	746
-17141.605	1	714
-17140.828	1	715
-17140.051	1	738
-17139.274	1	724
-17138.497	1	736
-17137.720	1	719
-17136.943	1	719
-17136.167	1	724
-17135.391	1	707
-17134.614	1	712
-17133.838	1	703
-17133.062	1	695
-17132.286	1	705
-17131.511	1	718
-17130.735	1	723
-17129.960	1	708
-17129.184	1	713
-17128.409	1	717
-17127.634	1	711
-17126.859	1	704
-17126.084	1	701
-17125.309	1	705
-17124.535	1	688
-17123.760	1	691
-17122.986	1	714
-17122.212	1	715
-17121.437	1	697
-17120.663	1	697
-17119.890	1	697
-17119.116	1	709
-17118.342	1	706
-17117.569	1	694
-17116.795	1	716
-17116.022	1	713
-17115.249	1	705
-17114.476	1	709
-17113.703	1	703
-17112.930	1	693
-17112.157	1	679
-17111.385	1	708
-17110.613	1	705
-17109.840	1	696
-17109.068	1	692
-17108.296	1	689
-17107.524	1	692
-17106.752	1	704
-17105.981	1	705
-17105.209	1	703
-17104.438	1	705
-17103.666	1	691
-17102.895	1	695
-17102.124	1	710
-17101.353	1	693
-17100.582	1	708
-17099.812	1	705
-17099.041	1	702
-17098.271	1	696
-17097.500	1	690
-17096.730	1	692
-17095.960	1	696
-17095.190	1	684
-17094.420	1	697
-17093.650	1	694
-17092.881	1	694
