-18243.143	1	643
-18242.186	1	648
-18241.229	1	650
-18240.273	1	643
-18239.316	1	631
-18238.360	1	646
-18237.404	1	654
-18236.447	1	640
-18235.492	1	654
-18234.536	1	641
-18233.580	1	641
-18232.625	1	647
-18231.669	1	647
-18230.714	1	640
-18229.759	1	648
-18228.805	1	653
-18227.850	1	638
-18226.895	1	652
-18225.941	1	648
-18224.987	1	643
-18224.033	1	641
-18223.079	1	645
-18222.126	1	643
-18221.172	1	651
-18220.219	1	658
-18219.265	1	641
-18218.312	1	644
-18217.360	1	643
-18216.407	1	643
-18215.454	1	651
-18214.502	1	651
-18213.550	1	650
-18212.598	1	647
-18211.646	1	644
-18210.694	1	644
-18209.742	1	649
-18208.791	1	647
-18207.840	1	650
-18206.888	1	642
-18205.937	1	662
-18204.987	1	631
-18204.036	1	655
-18203.086	1	641
-18202.135	1	643
-18201.185	1	647
-18200.235	1	645
-18199.285	1	638
-18198.335	1	651
-18197.386	1	654
-18196.437	1	634
-18195.487	1	640
-18194.538	1	652
-18193.589	1	644
-18192.641	1	646
-18191.692	1	644
-18190.744	1	646
-18189.795	1	650
-18188.847	1	643
-18187.899	1	649
-18186.952	1	647
-18186.004	1	657
-18185.057	1	642
-18184.109	1	654
-18183.162	1	643
-18182.215	1	640
-18181.268	1	660
-18180.322	1	661
-18179.375	1	661
-18178.429	1	664
-18177.482	1	674
-18176.536	1	681
-18175.591	1	663
-18174.645	1	659
-18173.699	1	663
-18172.754	1	650
-18171.809	1	655
-18170.863	1	642
-18169.919	1	655
-18168.974	1	641
-18168.029	1	651
-18167.085	1	650
-18166.140	1	653
-18165.196	1	633
-18164.252	1	643
-18163.308	1	642
-18162.365	1	647
-18161.421	1	640
-18160.478	1	650
-18159.535	1	656
-18158.592	1	652
-18157.649	1	660
-18156.706	1	638
-18155.763	1	639
-18154.821	1	646
-18153.879	1	650
-18152.937	1	642
-18151.995	1	643
-18151.053	1	644
-18150.111	1	653
-18149.170	1	632
-18148.229	1	645
-18147.287	1	647
-18146.346	1	644
-18145.406	1	647
-18144.465	1	646
-18143.524	1	640
-18142.584	1	644
-18141.644	1	648
-18140.704	1	654
-18139.764	1	650
-18138.824	1	654
-18137.884	1	644
-18136.945	1	647
-18136.006	1	652
-18135.067	1	652
-18134.128	1	665
-18133.189	1	652
-18132.250	1	644
-18131.312	1	653
-18130.373	1	650
-18129.435	1	654
-18128.497	1	643
-18127.559	1	652
-18126.622	1	646
-18125.684	1	647
-18124.747	1	647
-18123.809	1	645
-18122.872	1	633
-18121.935	1	655
-18120.999	1	646
-18120.062	1	640
-18119.126	1	637
-18118.189	1	640
-18117.253	1	635
-18116.317	1	653
-18115.381	1	638
-18114.446	1	650
-18113.510	1	644
-18112.575	1	645
-18111.640	1	647
-18110.705	1	646
-18109.770	1	653
-18108.835	1	648
-18107.900	1	646
-18106.966	1	645
-18106.032	1	646
-18105.097	1	636
-18104.164	1	652
-18103.230	1	642
-18102.296	1	642
-18101.363	1	638
-18100.429	1	634
-18099.496	1	653
-18098.563	1	626
-18097.630	1	651
-18096.697	1	648
-18095.765	1	648
-18094.832	1	645
-18093.900	1	640
-18092.968	1	648
-18092.036	1	655
-18091.104	1	640
-18090.173	1	643
-18089.241	1	634
-18088.310	1	645
-18087.379	1	663
-18086.448	1	649
-18085.517	1	652
-18084.586	1	654
-18083.656	1	646
-18082.725	1	641
-18081.795	1	644
-18080.865	1	652
-18079.935	1	656
-18079.005	1	647
-18078.076	1	645
-18077.146	1	632
-18076.217	1	645
-18075.288	1	650
-18074.359	1	651
-18073.430	1	638
-18072.501	1	654
-18071.573	1	653
-18070.644	1	646
-18069.716	1	640
-18068.788	1	639
-18067.860	1	645
-18066.932	1	646
-18066.005	1	632
-18065.077	1	646
-18064.150	1	659
-18063.223	1	648
-18062.296	1	644
-18061.369	1	659
-18060.442	1	627
-18059.516	1	655
-18058.589	1	651
-18057.663	1	632
-18056.737	1	643
-18055.811	1	641
-18054.885	1	650
-18053.960	1	651
-18053.034	1	646
-18052.109	1	661
-18051.184	1	652
-18050.259	1	644
-18049.334	1	651
-18048.409	1	643
-18047.485	1	648
-18046.560	1	647
-18045.636	1	660
-18044.712	1	656
-18043.788	1	644
-18042.864	1	655
-18041.941	1	635
-18041.017	1	639
-18040.094	1	648
-18039.171	1	646
-18038.248	1	638
-18037.325	1	644
-18036.402	1	641
-18035.480	1	641
-18034.557	1	648
-18033.635	1	649
-18032.713	1	647
-18031.791	1	653
-18030.869	1	661
-18029.948	1	642
-18029.026	1	651
-18028.105	1	641
-18027.184	1	651
-18026.263	1	634
-18025.342	1	646
-18024.421	1	662
-18023.501	1	649
-18022.580	1	657
-18021.660	1	639
-18020.740	1	654
-18019.820	1	645
-18018.900	1	648
-18017.981	1	665
-18017.061	1	660
-18016.142	1	655
-18015.223	1	655
-18014.304	1	648
-18013.385	1	637
-18012.466	1	646
-18011.547	1	656
-18010.629	1	652
-18009.711	1	660
-18008.793	1	649
-18007.875	1	659
-18006.957	1	636
-18006.039	1	654
-18005.122	1	649
-18004.204	1	651
-18003.287	1	648
-18002.370	1	648
-18001.453	1	644
-18000.536	1	655
-17999.620	1	660
-17998.703	1	640
-17997.787	1	642
-17996.871	1	646
-17995.955	1	643
-17995.039	1	651
-17994.123	1	656
-17993.208	1	641
-17992.293	1	634
-17991.377	1	645
-17990.462	1	644
-17989.547	1	637
-17988.633	1	645
-17987.718	1	651
-17986.804	1	644
-17985.889	1	637
-17984.975	1	644
-17984.061	1	652
-17983.147	1	651
-17982.233	1	648
-17981.320	1	630
-17980.406	1	652
-17979.493	1	631
-17978.580	1	649
-17977.667	1	644
-17976.754	1	639
-17975.842	1	645
-17974.929	1	644
-17974.017	1	657
-17973.105	1	647
-17972.193	1	648
-17971.281	1	650
-17970.369	1	647
-17969.457	1	647
-17968.546	1	646
-17967.635	1	656
-17966.723	1	653
-17965.812	1	644
-17964.902	1	645
-17963.991	1	647
-17963.080	1	637
-17962.170	1	640
-17961.260	1	662
-17960.350	1	648
-17959.440	1	648
-17958.530	1	646
-17957.620	1	649
-17956.711	1	631
-17955.802	1	635
-17954.892	1	645
-17953.983	1	636
-17953.074	1	646
-17952.166	1	635
-17951.257	1	648
-17950.349	1	643
-17949.440	1	658
-17948.532	1	656
-17947.624	1	653
-17946.716	1	654
-17945.809	1	649
-17944.901	1	636
-17943.994	1	651
-17943.087	1	642
-17942.179	1	637
-17941.273	1	656
-17940.366	1	651
-17939.459	1	641
-17938.553	1	649
-17937.646	1	648
-17936.740	1	650
-17935.834	1	656
-17934.928	1	647
-17934.022	1	646
-17933.117	1	651
-17932.211	1	659
-17931.306	1	654
-17930.401	1	640
-17929.496	1	654
-17928.591	1	637
-17927.686	1	652
-17926.782	1	642
-17925.878	1	638
-17924.973	1	647
-17924.069	1	652
-17923.165	1	637
-17922.261	1	648
-17921.358	1	643
-17920.454	1	651
-17919.551	1	649
-17918.648	1	651
-17917.745	1	636
-17916.842	1	658
-17915.939	1	630
-17915.036	1	650
-17914.134	1	644
-17913.232	1	637
-17912.330	1	646
-17911.428	1	649
-17910.526	1	637
-17909.624	1	645
-17908.722	1	646
-17907.821	1	649
-17906.920	1	639
-17906.019	1	651
-17905.118	1	648
-17904.217	1	636
-17903.316	1	650
-17902.416	1	658
-17901.515	1	643
-17900.615	1	650
-17899.715	1	635
-17898.815	1	655
-17897.915	1	646
-17897.016	1	644
-17896.116	1	647
-17895.217	1	650
-17894.318	1	641
-17893.419	1	644
-17892.520	1	649
-17891.621	1	657
-17890.722	1	648
-17889.824	1	648
-17888.926	1	640
-17888.028	1	624
-17887.130	1	640
-17886.232	1	650
-17885.334	1	645
-17884.436	1	656
-17883.539	1	637
-17882.642	1	648
-17881.745	1	658
-17880.848	1	641
-17879.951	1	644
-17879.054	1	648
-17878.158	1	655
-17877.261	1	653
-17876.365	1	660
-17875.469	1	639
-17874.573	1	643
-17873.677	1	646
-17872.782	1	645
-17871.886	1	653
-17870.991	1	656
-17870.096	1	646
-17869.201	1	636
-17868.306	1	648
-17867.411	1	640
-17866.516	1	664
-17865.622	1	639
-17864.728	1	642
-17863.833	1	643
-17862.939	1	654
-17862.045	1	647
-17861.152	1	655
-17860.258	1	646
-17859.365	1	648
-17858.471	1	656
-17857.578	1	642
-17856.685	1	657
-17855.793	1	664
-17854.900	1	657
-17854.007	1	647
-17853.115	1	638
-17852.223	1	652
-17851.331	1	652
-17850.439	1	660
-17849.547	1	642
-17848.655	1	645
-17847.764	1	640
-17846.872	1	642
-17845.981	1	639
-17845.090	1	648
-17844.199	1	644
-17843.308	1	646
-17842.418	1	647
-17841.527	1	635
-17840.637	1	641
-17839.746	1	637
-17838.856	1	649
-17837.967	1	635
-17837.077	1	642
-17836.187	1	641
-17835.298	1	653
-17834.408	1	654
-17833.519	1	631
-17832.630	1	649
-17831.741	1	643
-17830.853	1	648
-17829.964	1	645
-17829.075	1	646
-17828.187	1	638
-17827.299	1	649
-17826.411	1	641
-17825.523	1	643
-17824.635	1	653
-17823.748	1	637
-17822.860	1	626
-17821.973	1	638
-17821.086	1	648
-17820.199	1	639
-17819.312	1	651
-17818.426	1	646
-17817.539	1	646
-17816.653	1	640
-17815.766	1	650
-17814.880	1	641
-17813.994	1	656
-17813.108	1	644
-17812.223	1	652
-17811.337	1	648
-17810.452	1	637
-17809.567	1	645
-17808.681	1	643
-17807.797	1	640
-17806.912	1	643
-17806.027	1	633
-17805.143	1	643
-17804.258	1	639
-17803.374	1	637
-17802.490	1	633
-17801.606	1	655
-17800.722	1	660
-17799.838	1	640
-17798.955	1	639
-17798.072	1	655
-17797.188	1	638
-17796.305	1	640
-17795.422	1	645
-17794.540	1	641
-17793.657	1	640
-17792.775	1	651
-17791.892	1	635
-17791.010	1	634
-17790.128	1	645
-17789.246	1	637
-17788.364	1	630
-17787.483	1	635
-17786.601	1	649
-17785.720	1	640
-17784.839	1	643
-17783.958	1	646
-17783.077	1	644
-17782.196	1	652
-17781.315	1	647
-17780.435	1	641
-17779.555	1	646
-17778.674	1	639
-17777.794	1	640
-17776.914	1	651
-17776.035	1	659
-17775.155	1	635
-17774.276	1	643
-17773.396	1	660
-17772.517	1	646
-17771.638	1	651
-17770.759	1	656
-17769.881	1	639
-17769.002	1	647
-17768.124	1	639
-17767.245	1	645
-17766.367	1	648
-17765.489	1	645
-17764.611	1	656
-17763.733	1	651
-17762.856	1	656
-17761.978	1	643
-17761.101	1	640
-17760.224	1	647
-17759.347	1	643
-17758.470	1	649
-17757.593	1	652
-17756.717	1	638
-17755.840	1	656
-17754.964	1	648
-17754.088	1	649
-17753.212	1	633
-17752.336	1	652
-17751.460	1	658
-17750.585	1	633
-17749.709	1	641
-17748.834	1	633
-17747.959	1	646
-17747.084	1	648
-17746.209	1	640
-17745.334	1	647
-17744.460	1	635
-17743.585	1	642
-17742.711	1	640
-17741.837	1	652
-17740.963	1	645
-17740.089	1	649
-17739.215	1	648
-17738.342	1	646
-17737.468	1	632
-17736.595	1	651
-17735.722	1	640
-17734.849	1	646
-17733.976	1	636
-17733.103	1	655
-17732.231	1	652
-17731.358	1	648
-17730.486	1	656
-17729.614	1	652
-17728.742	1	633
-17727.870	1	655
-17726.998	1	639
-17726.127	1	640
-17725.255	1	645
-17724.384	1	638
-17723.513	1	650
-17722.642	1	650
-17721.771	1	648
-17720.900	1	653
-17720.030	1	658
-17719.159	1	645
-17718.289	1	651
-17717.419	1	654
-17716.549	1	649
-17715.679	1	652
-17714.809	1	634
-17713.940	1	642
-17713.070	1	646
-17712.201	1	642
-17711.332	1	645
-17710.463	1	641
-17709.594	1	651
-17708.725	1	647
-17707.857	1	641
-17706.988	1	656
-17706.120	1	643
-17705.252	1	633
-17704.384	1	646
-17703.516	1	640
-17702.648	1	650
-17701.781	1	636
-17700.913	1	654
-17700.046	1	642
-17699.179	1	649
-17698.312	1	643
-17697.445	1	640
-17696.578	1	651
-17695.711	1	640
-17694.845	1	650
-17693.979	1	643
-17693.112	1	654
-17692.246	1	651
-17691.381	1	653
-17690.515	1	647
-17689.649	1	644
-17688.784	1	642
-17687.918	1	645
-17687.053	1	644
-17686.188	1	652
-17685.323	1	643
-17684.458	1	641
-17683.594	1	658
-17682.729	1	644
-17681.865	1	648
-17681.001	1	645
-17680.137	1	646
-17679.273	1	647
-17678.409	1	645
-17677.545	1	646
-17676.682	1	667
-17675.819	1	642
-17674.955	1	650
-17674.092	1	651
-17673.229	1	641
-17672.367	1	642
-17671.504	1	638
-17670.641	1	636
-17669.779	1	647
-17668.917	1	637
-17668.055	1	652
-17667.193	1	636
-17666.331	1	646
-17665.469	1	648
-17664.608	1	635
-17663.746	1	647
-17662.885	1	635
-17662.024	1	651
-17661.163	1	636
-17660.302	1	647
-17659.441	1	650
-17658.581	1	641
-17657.721	1	649
-17656.860	1	653
-17656.000	1	645
-17655.140	1	645
-17654.280	1	627
-17653.421	1	637
-17652.561	1	649
-17651.702	1	635
-17650.842	1	644
-17649.983	1	636
-17649.124	1	647
-17648.265	1	640
-17647.407	1	641
-17646.548	1	643
-17645.690	1	651
-17644.831	1	641
-17643.973	1	652
-17643.115	1	650
-17642.257	1	645
-17641.399	1	632
-17640.542	1	642
-17639.684	1	644
-17638.827	1	638
-17637.970	1	637
-17637.113	1	647
-17636.256	1	638
-17635.399	1	650
-17634.542	1	648
-17633.686	1	650
-17632.830	1	651
-17631.973	1	638
-17631.117	1	639
-17630.261	1	642
-17629.406	1	647
-17628.550	1	642
-17627.694	1	644
-17626.839	1	637
-17625.984	1	633
-17625.129	1	641
-17624.274	1	645
-17623.419	1	639
-17622.564	1	653
-17621.710	1	651
-17620.855	1	645
-17620.001	1	636
-17619.147	1	640
-17618.293	1	639
-17617.439	1	638
-17616.585	1	648
-17615.732	1	641
-17614.878	1	650
-17614.025	1	649
-17613.172	1	653
-17612.319	1	653
-17611.466	1	641
-17610.613	1	649
-17609.761	1	645
-17608.908	1	649
-17608.056	1	652
-17607.204	1	644
-17606.352	1	654
-17605.500	1	665
-17604.648	1	647
-17603.796	1	648
-17602.945	1	642
-17602.094	1	652
-17601.242	1	646
-17600.391	1	663
-17599.540	1	648
-17598.689	1	645
-17597.839	1	657
-17596.988	1	649
-17596.138	1	646
-17595.288	1	645
-17594.438	1	638
-17593.588	1	643
-17592.738	1	637
-17591.888	1	650
-17591.038	1	640
-17590.189	1	647
-17589.340	1	636
-17588.491	1	656
-17587.642	1	660
-17586.793	1	638
-17585.944	1	646
-17585.095	1	639
-17584.247	1	648
-17583.399	1	645
-17582.550	1	652
-17581.702	1	645
-17580.855	1	647
-17580.007	1	647
-17579.159	1	650
-17578.312	1	640
-17577.464	1	642
-17576.617	1	642
-17575.770	1	649
-17574.923	1	648
-17574.076	1	633
-17573.230	1	632
-17572.383	1	643
-17571.537	1	634
-17570.690	1	645
-17569.844	1	652
-17568.998	1	635
-17568.152	1	648
-17567.307	1	646
-17566.461	1	648
-17565.616	1	646
-17564.770	1	641
-17563.925	1	647
-17563.080	1	638
-17562.235	1	634
-17561.391	1	641
-17560.546	1	635
-17559.702	1	642
-17558.857	1	633
-17558.013	1	655
-17557.169	1	636
-17556.325	1	644
-17555.481	1	634
-17554.638	1	646
-17553.794	1	643
-17552.951	1	641
-17552.108	1	648
-17551.264	1	639
-17550.421	1	636
-17549.579	1	631
-17548.736	1	646
-17547.893	1	642
-17547.051	1	641
-17546.209	1	645
-17545.367	1	629
-17544.525	1	634
-17543.683	1	636
-17542.841	1	645
-17541.999	1	637
-17541.158	1	646
-17540.316	1	634
-17539.475	1	632
-17538.634	1	640
-17537.793	1	648
-17536.953	1	644
-17536.112	1	639
-17535.271	1	645
-17534.431	1	639
-17533.591	1	637
-17532.751	1	644
-17531.911	1	638
-17531.071	1	644
-17530.231	1	649
-17529.392	1	641
-17528.552	1	642
-17527.713	1	637
-17526.874	1	645
-17526.035	1	625
-17525.196	1	639
-17524.357	1	637
-17523.518	1	631
-17522.680	1	645
-17521.842	1	648
-17521.003	1	645
-17520.165	1	645
-17519.327	1	648
-17518.490	1	647
-17517.652	1	632
-17516.815	1	634
-17515.977	1	646
-17515.140	1	640
-17514.303	1	642
-17513.466	1	637
-17512.629	1	646
-17511.792	1	642
-17510.956	1	649
-17510.119	1	636
-17509.283	1	641
-17508.447	1	647
-17507.611	1	633
-17506.775	1	636
-17505.939	1	647
-17505.103	1	636
-17504.268	1	648
-17503.433	1	639
-17502.597	1	641
-17501.762	1	636
-17500.927	1	647
-17500.092	1	646
-17499.258	1	634
-17498.423	1	641
-17497.589	1	643
-17496.755	1	653
-17495.920	1	639
-17495.086	1	637
-17494.252	1	639
-17493.419	1	651
-17492.585	1	648
-17491.752	1	641
-17490.918	1	645
-17490.085	1	644
-17489.252	1	650
-17488.419	1	646
-17487.586	1	631
-17486.754	1	647
-17485.921	1	639
-17485.089	1	642
-17484.257	1	649
-17483.424	1	639
-17482.592	1	645
-17481.761	1	641
-17480.929	1	660
-17480.097	1	642
-17479.266	1	653
-17478.434	1	649
-17477.603	1	650
-17476.772	1	644
-17475.941	1	636
-17475.111	1	641
-17474.280	1	642
-17473.449	1	646
-17472.619	1	650
-17471.789	1	643
-17470.959	1	646
-17470.129	1	653
-17469.299	1	650
-17468.469	1	635
-17467.640	1	640
-17466.810	1	634
-17465.981	1	646
-17465.152	1	641
-17464.323	1	643
-17463.494	1	646
-17462.665	1	645
-17461.836	1	632
-17461.008	1	636
-17460.179	1	631
-17459.351	1	653
-17458.523	1	644
-17457.695	1	636
-17456.867	1	659
-17456.040	1	631
-17455.212	1	649
-17454.385	1	633
-17453.557	1	647
-17452.730	1	641
-17451.903	1	642
-17451.076	1	639
-17450.249	1	628
-17449.423	1	646
-17448.596	1	635
-17447.770	1	657
-17446.944	1	652
-17446.118	1	649
-17445.292	1	649
-17444.466	1	639
-17443.640	1	645
-17442.814	1	642
-17441.989	1	655
-17441.164	1	652
-17440.339	1	644
-17439.514	1	638
-17438.689	1	665
-17437.864	1	646
-17437.039	1	641
-17436.215	1	651
-17435.390	1	650
-17434.566	1	648
-17433.742	1	651
-17432.918	1	650
-17432.094	1	648
-17431.270	1	670
-17430.447	1	648
-17429.623	1	662
-17428.800	1	658
-17427.977	1	643
-17427.154	1	657
-17426.331	1	657
-17425.508	1	654
-17424.686	1	640
-17423.863	1	649
-17423.041	1	640
-17422.218	1	644
-17421.396	1	655
-17420.574	1	639
-17419.752	1	646
-17418.931	1	639
-17418.109	1	639
-17417.288	1	635
-17416.466	1	629
-17415.645	1	643
-17414.824	1	642
-17414.003	1	645
-17413.182	1	637
-17412.362	1	634
-17411.541	1	645
-17410.721	1	660
-17409.901	1	641
-17409.080	1	635
-17408.260	1	647
-17407.441	1	653
-17406.621	1	641
-17405.801	1	636
-17404.982	1	632
-17404.162	1	646
-17403.343	1	640
-17402.524	1	637
-17401.705	1	645
-17400.886	1	638
-17400.068	1	630
-17399.249	1	646
-17398.431	1	637
-17397.612	1	632
-17396.794	1	637
-17395.976	1	648
-17395.158	1	639
-17394.341	1	635
-17393.523	1	643
-17392.705	1	653
-17391.888	1	640
-17391.071	1	645
-17390.254	1	640
-17389.437	1	642
-17388.620	1	634
-17387.803	1	637
-17386.987	1	641
-17386.170	1	633
-17385.354	1	649
-17384.538	1	648
-17383.722	1	652
-17382.906	1	640
-17382.090	1	642
-17381.274	1	643
-17380.459	1	645
-17379.643	1	645
-17378.828	1	642
-17378.013	1	630
-17377.198	1	654
-17376.383	1	639
-17375.568	1	637
-17374.754	1	633
-17373.939	1	632
-17373.125	1	641
-17372.311	1	641
-17371.497	1	645
-17370.683	1	638
-17369.869	1	638
-17369.055	1	623
-17368.242	1	648
-17367.428	1	641
-17366.615	1	644
-17365.802	1	640
-17364.989	1	646
-17364.176	1	639
-17363.363	1	639
-17362.550	1	646
-17361.738	1	638
-17360.925	1	634
-17360.113	1	636
-17359.301	1	636
-17358.489	1	638
-17357.677	1	640
-17356.865	1	638
-17356.054	1	645
-17355.242	1	641
-17354.431	1	643
-17353.620	1	643
-17352.809	1	639
-17351.998	1	640
-17351.187	1	649
-17350.376	1	638
-17349.566	1	644
-17348.755	1	634
-17347.945	1	632
-17347.135	1	643
-17346.325	1	645
-17345.515	1	642
-17344.705	1	646
-17343.895	1	647
-17343.086	1	642
-17342.276	1	633
-17341.467	1	651
-17340.658	1	646
-17339.849	1	639
-17339.040	1	632
-17338.231	1	639
-17337.423	1	632
-17336.614	1	651
-17335.806	1	646
-17334.998	1	651
-17334.190	1	643
-17333.382	1	632
-17332.574	1	638
-17331.766	1	637
-17330.959	1	641
-17330.151	1	636
-17329.344	1	636
-17328.537	1	641
-17327.730	1	624
-17326.923	1	643
-17326.116	1	632
-17325.309	1	630
-17324.503	1	645
-17323.696	1	639
-17322.890	1	632
-17322.084	1	640
-17321.278	1	632
-17320.472	1	641
-17319.666	1	639
-17318.860	1	644
-17318.055	1	643
-17317.250	1	635
-17316.444	1	644
-17315.639	1	635
-17314.834	1	632
-17314.029	1	641
-17313.225	1	634
-17312.420	1	642
-17311.616	1	637
-17310.811	1	643
-17310.007	1	637
-17309.203	1	637
-17308.399	1	626
-17307.595	1	629
-17306.791	1	654
-17305.988	1	640
-17305.184	1	648
-17304.381	1	635
-17303.578	1	645
-17302.775	1	639
-17301.972	1	643
-17301.169	1	634
-17300.366	1	639
-17299.564	1	651
-17298.761	1	647
-17297.959	1	636
-17297.157	1	648
-17296.355	1	657
-17295.553	1	648
-17294.751	1	633
-17293.950	1	654
-17293.148	1	642
-17292.347	1	659
-17291.545	1	649
-17290.744	1	651
-17289.943	1	654
-17289.142	1	656
-17288.342	1	665
-17287.541	1	649
-17286.741	1	657
-17285.940	1	655
-17285.140	1	652
-17284.340	1	659
-17283.540	1	651
-17282.740	1	652
-17281.940	1	660
-17281.141	1	652
-17280.341	1	650
-17279.542	1	642
-17278.743	1	643
-17277.944	1	637
-17277.145	1	643
-17276.346	1	635
-17275.547	1	642
-17274.749	1	638
-17273.950	1	645
-17273.152	1	639
-17272.354	1	644
-17271.556	1	637
-17270.758	1	629
-17269.960	1	650
-17269.162	1	639
-17268.365	1	631
-17267.567	1	643
-17266.770	1	646
-17265.973	1	644
-17265.176	1	637
-17264.379	1	629
-17263.582	1	645
-17262.785	1	634
-17261.989	1	634
-17261.192	1	633
-17260.396	1	635
-17259.600	1	634
-17258.804	1	645
-17258.008	1	638
-17257.212	1	640
-17256.417	1	637
-17255.621	1	648
-17254.826	1	641
-17254.030	1	642
-17253.235	1	637
-17252.440	1	636
-17251.645	1	641
-17250.851	1	635
-17250.056	1	646
-17249.262	1	636
-17248.467	1	632
-17247.673	1	638
-17246.879	1	638
-17246.085	1	647
-17245.291	1	638
-17244.497	1	649
-17243.704	1	652
-17242.910	1	641
-17242.117	1	636
-17241.324	1	646
-17240.530	1	653
-17239.737	1	644
-17238.945	1	635
-17238.152	1	640
-17237.359	1	641
-17236.567	1	636
-17235.775	1	648
-17234.982	1	640
-17234.190	1	634
-17233.398	1	653
-17232.606	1	644
-17231.815	1	632
-17231.023	1	644
-17230.232	1	641
-17229.440	1	635
-17228.649	1	638
-17227.858	1	640
-17227.067	1	637
-17226.276	1	638
-17225.486	1	637
-17224.695	1	646
-17223.905	1	638
-17223.114	1	638
-17222.324	1	653
-17221.534	1	633
-17220.744	1	646
-17219.954	1	645
-17219.165	1	628
-17218.375	1	645
-17217.586	1	634
-17216.796	1	656
-17216.007	1	642
-17215.218	1	645
-17214.429	1	641
-17213.640	1	639
-17212.852	1	633
-17212.063	1	638
-17211.275	1	643
-17210.486	1	642
-17209.698	1	634
-17208.910	1	633
-17208.122	1	641
-17207.334	1	642
-17206.547	1	629
-17205.759	1	631
-17204.972	1	638
-17204.184	1	628
-17203.397	1	658
-17202.610	1	647
-17201.823	1	643
-17201.036	1	643
-17200.250	1	653
-17199.463	1	642
-17198.677	1	633
-17197.890	1	639
-17197.104	1	637
-17196.318	1	636
-17195.532	1	641
-17194.746	1	642
-17193.961	1	650
-17193.175	1	640
-17192.390	1	652
-17191.605	1	645
-17190.819	1	624
-17190.034	1	642
-17189.249	1	645
-17188.465	1	641
-17187.680	1	647
-17186.895	1	647
-17186.111	1	631
-17185.327	1	642
-17184.543	1	630
-17183.758	1	655
-17182.975	1	639
-17182.191	1	645
-17181.407	1	628
-17180.624	1	637
-17179.840	1	634
-17179.057	1	627
-17178.274	1	633
-17177.491	1	629
-17176.708	1	633
-17175.925	1	639
-17175.142	1	637
-17174.360	1	626
-17173.577	1	624
-17172.795	1	633
-17172.013	1	634
-17171.231	1	637
-17170.449	1	638
-17169.667	1	631
-17168.885	1	633
-17168.104	1	633
-17167.322	1	636
-17166.541	1	635
-17165.760	1	638
-17164.979	1	624
-17164.198	1	630
-17163.417	1	643
-17162.636	1	627
-17161.856	1	637
-17161.075	1	649
-17160.295	1	644
-17159.515	1	635
-17158.735	1	638
-17157.955	1	643
-17157.175	1	638
-17156.395	1	638
-17155.616	1	646
-17154.836	1	643
-17154.057	1	646
-17153.278	1	645
-17152.499	1	645
-17151.720	1	644
-17150.941	1	641
-17150.162	1	641
-17149.384	1	635
-17148.605	1	646
-17147.827	1	636
-17147.049	1	644
-17146.271	1	643
-17145.493	1	640
-17144.715	1	646
-17143.937	1	656
-17143.160	1	652
-17142.382	1	650
-17141.605	1	639
-17140.828	1	652
-17140.051	1	640
-17139.274	1	640
-17138.497	1	643
-17137.720	1	648
-17136.943	1	634
-17136.167	1	631
-17135.391	1	634
-17134.614	1	642
-17133.838	1	632
-17133.062	1	628
-17132.286	1	639
-17131.511	1	648
-17130.735	1	629
-17129.960	1	638
-17129.184	1	629
-17128.409	1	646
-17127.634	1	640
-17126.859	1	647
-17126.084	1	626
-17125.309	1	634
-17124.535	1	638
-17123.760	1	635
-17122.986	1	635
-17122.212	1	630
-17121.437	1	632
-17120.663	1	638
-17119.890	1	636
-17119.116	1	633
-17118.342	1	627
-17117.569	1	630
-17116.795	1	628
-17116.022	1	640
-17115.249	1	638
-17114.476	1	629
-17113.703	1	629
-17112.930	1	635
-17112.157	1	632
-17111.385	1	628
-17110.613	1	643
-17109.840	1	640
-17109.068	1	625
-17108.296	1	638
-17107.524	1	627
-17106.752	1	635
-17105.981	1	624
-17105.209	1	639
-17104.438	1	638
-17103.666	1	636
-17102.895	1	632
-17102.124	1	631
-17101.353	1	640
-17100.582	1	639
-17099.812	1	631
-17099.041	1	633
-17098.271	1	641
-17097.500	1	635
-17096.730	1	630
-17095.960	1	640
-17095.190	1	643
-17094.420	1	638
-17093.650	1	638
-17092.881	1	637
