-18243.143	1	676
-18242.186	1	683
-18241.229	1	656
-18240.273	1	670
-18239.316	1	677
-18238.360	1	638
-18237.404	1	665
-18236.447	1	675
-18235.492	1	662
-18234.536	1	688
-18233.580	1	669
-18232.625	1	663
-18231.669	1	667
-18230.714	1	670
-18229.759	1	674
-18228.805	1	673
-18227.850	1	674
-18226.895	1	686
-18225.941	1	656
-18224.987	1	668
-18224.033	1	674
-18223.079	1	666
-18222.126	1	675
-18221.172	1	673
-18220.219	1	657
-18219.265	1	666
-18218.312	1	656
-18217.360	1	674
-18216.407	1	682
-18215.454	1	662
-18214.502	1	664
-18213.550	1	673
-18212.598	1	669
-18211.646	1	673
-18210.694	1	667
-18209.742	1	668
-18208.791	1	669
-18207.840	1	674
-18206.888	1	661
-18205.937	1	675
-18204.987	1	663
-18204.036	1	665
-18203.086	1	665
-18202.135	1	678
-18201.185	1	667
-18200.235	1	655
-18199.285	1	667
-18198.335	1	667
-18197.386	1	666
-18196.437	1	674
-18195.487	1	680
-18194.538	1	667
-18193.589	1	676
-18192.641	1	653
-18191.692	1	661
-18190.744	1	675
-18189.795	1	677
-18188.847	1	674
-18187.899	1	673
-18186.952	1	655
-18186.004	1	666
-18185.057	1	675
-18184.109	1	679
-18183.162	1	679
-18182.215	1	671
-18181.268	1	690
-18180.322	1	673
-18179.375	1	695
-18178.429	1	715
-18177.482	1	720
-18176.536	1	732
-18175.591	1	708
-18174.645	1	698
-18173.699	1	697
-18172.754	1	675
-18171.809	1	683
-18170.863	1	668
-18169.919	1	669
-18168.974	1	665
-18168.029	1	654
-18167.085	1	676
-18166.140	1	694
-18165.196	1	662
-18164.252	1	687
-18163.308	1	677
-18162.365	1	685
-18161.421	1	670
-18160.478	1	664
-18159.535	1	656
-18158.592	1	662
-18157.649	1	666
-18156.706	1	677
-18155.763	1	676
-18154.821	1	674
-18153.879	1	657
-18152.937	1	665
-18151.995	1	662
-18151.053	1	673
-18150.111	1	693
-18149.170	1	658
-18148.229	1	674
-18147.287	1	676
-18146.346	1	683
-18145.406	1	673
-18144.465	1	676
-18143.524	1	683
-18142.584	1	680
-18141.644	1	669
-18140.704	1	663
-18139.764	1	676
-18138.824	1	668
-18137.884	1	682
-18136.945	1	669
-18136.006	1	659
-18135.067	1	666
-18134.128	1	701
-18133.189	1	674
-18132.250	1	675
-18131.312	1	675
-18130.373	1	664
-18129.435	1	683
-18128.497	1	665
-18127.559	1	678
-18126.622	1	678
-18125.684	1	672
-18124.747	1	683
-18123.809	1	659
-18122.872	1	680
-18121.935	1	680
-18120.999	1	663
-18120.062	1	673
-18119.126	1	691
-18118.189	1	682
-18117.253	1	675
-18116.317	1	665
-18115.381	1	660
-18114.446	1	669
-18113.510	1	670
-18112.575	1	662
-18111.640	1	681
-18110.705	1	677
-18109.770	1	681
-18108.835	1	671
-18107.900	1	666
-18106.966	1	671
-18106.032	1	672
-18105.097	1	666
-18104.164	1	677
-18103.230	1	678
-18102.296	1	682
-18101.363	1	666
-18100.429	1	662
-18099.496	1	681
-18098.563	1	671
-18097.630	1	661
-18096.697	1	674
-18095.765	1	674
-18094.832	1	687
-18093.900	1	687
-18092.968	1	681
-18092.036	1	681
-18091.104	1	674
-18090.173	1	659
-18089.241	1	667
-18088.310	1	669
-18087.379	1	675
-18086.448	1	657
-18085.517	1	679
-18084.586	1	679
-18083.656	1	669
-18082.725	1	662
-18081.795	1	681
-18080.865	1	679
-18079.935	1	677
-18079.005	1	666
-18078.076	1	655
-18077.146	1	674
-18076.217	1	665
-18075.288	1	671
-18074.359	1	696
-18073.430	1	688
-18072.501	1	694
-18071.573	1	668
-18070.644	1	665
-18069.716	1	682
-18068.788	1	675
-18067.860	1	685
-18066.932	1	686
-18066.005	1	666
-18065.077	1	681
-18064.150	1	681
-18063.223	1	679
-18062.296	1	674
-18061.369	1	678
-18060.442	1	672
-18059.516	1	677
-18058.589	1	675
-18057.663	1	680
-18056.737	1	668
-18055.811	1	673
-18054.885	1	678
-18053.960	1	665
-18053.034	1	683
-18052.109	1	662
-18051.184	1	674
-18050.259	1	657
-18049.334	1	659
-18048.409	1	666
-18047.485	1	676
-18046.560	1	664
-18045.636	1	684
-18044.712	1	674
-18043.788	1	677
-18042.864	1	681
-18041.941	1	672
-18041.017	1	680
-18040.094	1	655
-18039.171	1	653
-18038.248	1	692
-18037.325	1	685
-18036.402	1	670
-18035.480	1	681
-18034.557	1	678
-18033.635	1	689
-18032.713	1	680
-18031.791	1	669
-18030.869	1	667
-18029.948	1	646
-18029.026	1	693
-18028.105	1	659
-18027.184	1	680
-18026.263	1	667
-18025.342	1	692
-18024.421	1	667
-18023.501	1	670
-18022.580	1	689
-18021.660	1	680
-18020.740	1	677
-18019.820	1	688
-18018.900	1	702
-18017.981	1	698
-18017.061	1	711
-18016.142	1	683
-18015.223	1	682
-18014.304	1	699
-18013.385	1	662
-18012.466	1	670
-18011.547	1	706
-18010.629	1	707
-18009.711	1	685
-18008.793	1	670
-18007.875	1	684
-18006.957	1	700
-18006.039	1	665
-18005.122	1	661
-18004.204	1	675
-18003.287	1	686
-18002.370	1	676
-18001.453	1	686
-18000.536	1	687
-17999.620	1	677
-17998.703	1	662
-17997.787	1	667
-17996.871	1	666
-17995.955	1	658
-17995.039	1	675
-17994.123	1	670
-17993.208	1	697
-17992.293	1	664
-17991.377	1	677
-17990.462	1	671
-17989.547	1	667
-17988.633	1	675
-17987.718	1	681
-17986.804	1	667
-17985.889	1	681
-17984.975	1	661
-17984.061	1	675
-17983.147	1	673
-17982.233	1	676
-17981.320	1	680
-17980.406	1	695
-17979.493	1	665
-17978.580	1	665
-17977.667	1	675
-17976.754	1	675
-17975.842	1	664
-17974.929	1	674
-17974.017	1	682
-17973.105	1	666
-17972.193	1	666
-17971.281	1	669
-17970.369	1	665
-17969.457	1	680
-17968.546	1	682
-17967.635	1	668
-17966.723	1	691
-17965.812	1	683
-17964.902	1	680
-17963.991	1	674
-17963.080	1	671
-17962.170	1	668
-17961.260	1	684
-17960.350	1	687
-17959.440	1	678
-17958.530	1	672
-17957.620	1	664
-17956.711	1	654
-17955.802	1	677
-17954.892	1	680
-17953.983	1	681
-17953.074	1	704
-17952.166	1	676
-17951.257	1	676
-17950.349	1	678
-17949.440	1	690
-17948.532	1	675
-17947.624	1	672
-17946.716	1	678
-17945.809	1	679
-17944.901	1	660
-17943.994	1	681
-17943.087	1	667
-17942.179	1	674
-17941.273	1	674
-17940.366	1	658
-17939.459	1	673
-17938.553	1	679
-17937.646	1	678
-17936.740	1	689
-17935.834	1	660
-17934.928	1	663
-17934.022	1	672
-17933.117	1	691
-17932.211	1	688
-17931.306	1	690
-17930.401	1	675
-17929.496	1	683
-17928.591	1	688
-17927.686	1	671
-17926.782	1	691
-17925.878	1	661
-17924.973	1	675
-17924.069	1	671
-17923.165	1	651
-17922.261	1	679
-17921.358	1	665
-17920.454	1	673
-17919.551	1	672
-17918.648	1	658
-17917.745	1	673
-17916.842	1	670
-17915.939	1	665
-17915.036	1	682
-17914.134	1	685
-17913.232	1	677
-17912.330	1	664
-17911.428	1	658
-17910.526	1	669
-17909.624	1	684
-17908.722	1	682
-17907.821	1	675
-17906.920	1	660
-17906.019	1	684
-17905.118	1	684
-17904.217	1	686
-17903.316	1	681
-17902.416	1	660
-17901.515	1	676
-17900.615	1	680
-17899.715	1	673
-17898.815	1	660
-17897.915	1	672
-17897.016	1	693
-17896.116	1	678
-17895.217	1	667
-17894.318	1	659
-17893.419	1	675
-17892.520	1	671
-17891.621	1	689
-17890.722	1	682
-17889.824	1	687
-17888.926	1	698
-17888.028	1	666
-17887.130	1	666
-17886.232	1	681
-17885.334	1	693
-17884.436	1	676
-17883.539	1	682
-17882.642	1	691
-17881.745	1	670
-17880.848	1	686
-17879.951	1	671
-17879.054	1	671
-17878.158	1	678
-17877.261	1	658
-17876.365	1	672
-17875.469	1	655
-17874.573	1	686
-17873.677	1	682
-17872.782	1	665
-17871.886	1	677
-17870.991	1	687
-17870.096	1	694
-17869.201	1	686
-17868.306	1	670
-17867.411	1	679
-17866.516	1	679
-17865.622	1	682
-17864.728	1	662
-17863.833	1	674
-17862.939	1	686
-17862.045	1	669
-17861.152	1	675
-17860.258	1	693
-17859.365	1	672
-17858.471	1	689
-17857.578	1	680
-17856.685	1	662
-17855.793	1	671
-17854.900	1	676
-17854.007	1	686
-17853.115	1	670
-17852.223	1	663
-17851.331	1	672
-17850.439	1	655
-17849.547	1	665
-17848.655	1	667
-17847.764	1	682
-17846.872	1	676
-17845.981	1	671
-17845.090	1	672
-17844.199	1	666
-17843.308	1	673
-17842.418	1	661
-17841.527	1	682
-17840.637	1	667
-17839.746	1	684
-17838.856	1	665
-17837.967	1	659
-17837.077	1	672
-17836.187	1	662
-17835.298	1	652
-17834.408	1	672
-17833.519	1	666
-17832.630	1	675
-17831.741	1	666
-17830.853	1	673
-17829.964	1	675
-17829.075	1	649
-17828.187	1	684
-17827.299	1	662
-17826.411	1	688
-17825.523	1	674
-17824.635	1	679
-17823.748	1	673
-17822.860	1	663
-17821.973	1	678
-17821.086	1	681
-17820.199	1	674
-17819.312	1	662
-17818.426	1	676
-17817.539	1	672
-17816.653	1	663
-17815.766	1	674
-17814.880	1	682
-17813.994	1	673
-17813.108	1	677
-17812.223	1	675
-17811.337	1	664
-17810.452	1	682
-17809.567	1	674
-17808.681	1	668
-17807.797	1	687
-17806.912	1	668
-17806.027	1	687
-17805.143	1	675
-17804.258	1	672
-17803.374	1	690
-17802.490	1	658
-17801.606	1	672
-17800.722	1	665
-17799.838	1	656
-17798.955	1	677
-17798.072	1	666
-17797.188	1	650
-17796.305	1	661
-17795.422	1	667
-17794.540	1	662
-17793.657	1	694
-17792.775	1	680
-17791.892	1	689
-17791.010	1	670
-17790.128	1	693
-17789.246	1	676
-17788.364	1	678
-17787.483	1	659
-17786.601	1	678
-17785.720	1	662
-17784.839	1	674
-17783.958	1	664
-17783.077	1	668
-17782.196	1	675
-17781.315	1	657
-17780.435	1	675
-17779.555	1	685
-17778.674	1	677
-17777.794	1	674
-17776.914	1	680
-17776.035	1	658
-17775.155	1	691
-17774.276	1	679
-17773.396	1	646
-17772.517	1	681
-17771.638	1	666
-17770.759	1	683
-17769.881	1	669
-17769.002	1	659
-17768.124	1	672
-17767.245	1	667
-17766.367	1	672
-17765.489	1	671
-17764.611	1	689
-17763.733	1	687
-17762.856	1	683
-17761.978	1	678
-17761.101	1	680
-17760.224	1	659
-17759.347	1	666
-17758.470	1	658
-17757.593	1	682
-17756.717	1	674
-17755.840	1	669
-17754.964	1	668
-17754.088	1	665
-17753.212	1	649
-17752.336	1	672
-17751.460	1	678
-17750.585	1	680
-17749.709	1	659
-17748.834	1	662
-17747.959	1	674
-17747.084	1	668
-17746.209	1	687
-17745.334	1	685
-17744.460	1	683
-17743.585	1	694
-17742.711	1	671
-17741.837	1	680
-17740.963	1	666
-17740.089	1	662
-17739.215	1	662
-17738.342	1	687
-17737.468	1	658
-17736.595	1	658
-17735.722	1	679
-17734.849	1	678
-17733.976	1	665
-17733.103	1	676
-17732.231	1	678
-17731.358	1	674
-17730.486	1	667
-17729.614	1	669
-17728.742	1	657
-17727.870	1	682
-17726.998	1	661
-17726.127	1	679
-17725.255	1	672
-17724.384	1	665
-17723.513	1	682
-17722.642	1	681
-17721.771	1	686
-17720.900	1	678
-17720.030	1	684
-17719.159	1	667
-17718.289	1	667
-17717.419	1	679
-17716.549	1	669
-17715.679	1	673
-17714.809	1	668
-17713.940	1	658
-17713.070	1	657
-17712.201	1	661
-17711.332	1	675
-17710.463	1	693
-17709.594	1	655
-17708.725	1	687
-17707.857	1	672
-17706.988	1	677
-17706.120	1	670
-17705.252	1	680
-17704.384	1	661
-17703.516	1	655
-17702.648	1	690
-17701.781	1	661
-17700.913	1	671
-17700.046	1	677
-17699.179	1	662
-17698.312	1	667
-17697.445	1	671
-17696.578	1	668
-17695.711	1	662
-17694.845	1	672
-17693.979	1	654
-17693.112	1	684
-17692.246	1	677
-17691.381	1	666
-17690.515	1	681
-17689.649	1	683
-17688.784	1	668
-17687.918	1	675
-17687.053	1	656
-17686.188	1	676
-17685.323	1	655
-17684.458	1	674
-17683.594	1	670
-17682.729	1	684
-17681.865	1	681
-17681.001	1	661
-17680.137	1	675
-17679.273	1	662
-17678.409	1	672
-17677.545	1	698
-17676.682	1	671
-17675.819	1	668
-17674.955	1	663
-17674.092	1	663
-17673.229	1	661
-17672.367	1	653
-17671.504	1	668
-17670.641	1	668
-17669.779	1	657
-17668.917	1	667
-17668.055	1	662
-17667.193	1	688
-17666.331	1	663
-17665.469	1	660
-17664.608	1	669
-17663.746	1	672
-17662.885	1	684
-17662.024	1	686
-17661.163	1	683
-17660.302	1	666
-17659.441	1	690
-17658.581	1	670
-17657.721	1	672
-17656.860	1	680
-17656.000	1	667
-17655.140	1	676
-17654.280	1	666
-17653.421	1	665
-17652.561	1	678
-17651.702	1	686
-17650.842	1	674
-17649.983	1	657
-17649.124	1	660
-17648.265	1	662
-17647.407	1	665
-17646.548	1	673
-17645.690	1	680
-17644.831	1	661
-17643.973	1	660
-17643.115	1	657
-17642.257	1	666
-17641.399	1	659
-17640.542	1	669
-17639.684	1	658
-17638.827	1	664
-17637.970	1	677
-17637.113	1	664
-17636.256	1	656
-17635.399	1	670
-17634.542	1	676
-17633.686	1	670
-17632.830	1	673
-17631.973	1	673
-17631.117	1	689
-17630.261	1	680
-17629.406	1	670
-17628.550	1	662
-17627.694	1	672
-17626.839	1	679
-17625.984	1	666
-17625.129	1	667
-17624.274	1	676
-17623.419	1	662
-17622.564	1	660
-17621.710	1	673
-17620.855	1	658
-17620.001	1	678
-17619.147	1	685
-17618.293	1	678
-17617.439	1	676
-17616.585	1	682
-17615.732	1	681
-17614.878	1	677
-17614.025	1	686
-17613.172	1	672
-17612.319	1	677
-17611.466	1	680
-17610.613	1	678
-17609.761	1	668
-17608.908	1	675
-17608.056	1	686
-17607.204	1	678
-17606.352	1	689
-17605.500	1	670
-17604.648	1	687
-17603.796	1	683
-17602.945	1	689
-17602.094	1	662
-17601.242	1	673
-17600.391	1	689
-17599.540	1	671
-17598.689	1	664
-17597.839	1	671
-17596.988	1	677
-17596.138	1	678
-17595.288	1	681
-17594.438	1	668
-17593.588	1	692
-17592.738	1	662
-17591.888	1	664
-17591.038	1	663
-17590.189	1	665
-17589.340	1	679
-17588.491	1	681
-17587.642	1	658
-17586.793	1	656
-17585.944	1	699
-17585.095	1	665
-17584.247	1	661
-17583.399	1	670
-17582.550	1	671
-17581.702	1	675
-17580.855	1	669
-17580.007	1	681
-17579.159	1	676
-17578.312	1	657
-17577.464	1	654
-17576.617	1	677
-17575.770	1	680
-17574.923	1	655
-17574.076	1	667
-17573.230	1	672
-17572.383	1	647
-17571.537	1	682
-17570.690	1	669
-17569.844	1	666
-17568.998	1	653
-17568.152	1	682
-17567.307	1	661
-17566.461	1	666
-17565.616	1	668
-17564.770	1	667
-17563.925	1	675
-17563.080	1	651
-17562.235	1	661
-17561.391	1	668
-17560.546	1	661
-17559.702	1	671
-17558.857	1	673
-17558.013	1	683
-17557.169	1	662
-17556.325	1	658
-17555.481	1	674
-17554.638	1	670
-17553.794	1	668
-17552.951	1	677
-17552.108	1	672
-17551.264	1	667
-17550.421	1	669
-17549.579	1	660
-17548.736	1	669
-17547.893	1	679
-17547.051	1	669
-17546.209	1	681
-17545.367	1	653
-17544.525	1	663
-17543.683	1	672
-17542.841	1	677
-17541.999	1	667
-17541.158	1	661
-17540.316	1	668
-17539.475	1	671
-17538.634	1	659
-17537.793	1	666
-17536.953	1	645
-17536.112	1	654
-17535.271	1	657
-17534.431	1	665
-17533.591	1	678
-17532.751	1	662
-17531.911	1	666
-17531.071	1	665
-17530.231	1	679
-17529.392	1	671
-17528.552	1	671
-17527.713	1	659
-17526.874	1	671
-17526.035	1	655
-17525.196	1	664
-17524.357	1	668
-17523.518	1	682
-17522.680	1	669
-17521.842	1	657
-17521.003	1	669
-17520.165	1	678
-17519.327	1	677
-17518.490	1	677
-17517.652	1	680
-17516.815	1	663
-17515.977	1	686
-17515.140	1	679
-17514.303	1	661
-17513.466	1	664
-17512.629	1	659
-17511.792	1	659
-17510.956	1	655
-17510.119	1	659
-17509.283	1	669
-17508.447	1	664
-17507.611	1	671
-17506.775	1	679
-17505.939	1	672
-17505.103	1	654
-17504.268	1	670
-17503.433	1	704
-17502.597	1	682
-17501.762	1	670
-17500.927	1	666
-17500.092	1	661
-17499.258	1	663
-17498.423	1	687
-17497.589	1	683
-17496.755	1	689
-17495.920	1	671
-17495.086	1	673
-17494.252	1	678
-17493.419	1	662
-17492.585	1	671
-17491.752	1	667
-17490.918	1	676
-17490.085	1	655
-17489.252	1	674
-17488.419	1	675
-17487.586	1	665
-17486.754	1	680
-17485.921	1	684
-17485.089	1	684
-17484.257	1	667
-17483.424	1	654
-17482.592	1	686
-17481.761	1	656
-17480.929	1	675
-17480.097	1	680
-17479.266	1	668
-17478.434	1	689
-17477.603	1	685
-17476.772	1	666
-17475.941	1	660
-17475.111	1	666
-17474.280	1	684
-17473.449	1	677
-17472.619	1	663
-17471.789	1	690
-17470.959	1	674
-17470.129	1	680
-17469.299	1	672
-17468.469	1	660
-17467.640	1	662
-17466.810	1	665
-17465.981	1	677
-17465.152	1	674
-17464.323	1	677
-17463.494	1	664
-17462.665	1	657
-17461.836	1	668
-17461.008	1	664
-17460.179	1	649
-17459.351	1	652
-17458.523	1	653
-17457.695	1	656
-17456.867	1	670
-17456.040	1	669
-17455.212	1	674
-17454.385	1	651
-17453.557	1	683
-17452.730	1	667
-17451.903	1	659
-17451.076	1	674
-17450.249	1	676
-17449.423	1	661
-17448.596	1	664
-17447.770	1	678
-17446.944	1	678
-17446.118	1	684
-17445.292	1	664
-17444.466	1	674
-17443.640	1	674
-17442.814	1	692
-17441.989	1	678
-17441.164	1	674
-17440.339	1	684
-17439.514	1	678
-17438.689	1	675
-17437.864	1	685
-17437.039	1	674
-17436.215	1	680
-17435.390	1	669
-17434.566	1	690
-17433.742	1	710
-17432.918	1	694
-17432.094	1	694
-17431.270	1	678
-17430.447	1	692
-17429.623	1	689
-17428.800	1	688
-17427.977	1	680
-17427.154	1	678
-17426.331	1	698
-17425.508	1	677
-17424.686	1	655
-17423.863	1	679
-17423.041	1	678
-17422.218	1	672
-17421.396	1	669
-17420.574	1	682
-17419.752	1	675
-17418.931	1	670
-17418.109	1	668
-17417.288	1	659
-17416.466	1	667
-17415.645	1	670
-17414.824	1	657
-17414.003	1	657
-17413.182	1	675
-17412.362	1	663
-17411.541	1	669
-17410.721	1	677
-17409.901	1	684
-17409.080	1	664
-17408.260	1	672
-17407.441	1	664
-17406.621	1	676
-17405.801	1	646
-17404.982	1	679
-17404.162	1	659
-17403.343	1	657
-17402.524	1	673
-17401.705	1	661
-17400.886	1	657
-17400.068	1	652
-17399.249	1	664
-17398.431	1	658
-17397.612	1	657
-17396.794	1	656
-17395.976	1	656
-17395.158	1	668
-17394.341	1	669
-17393.523	1	673
-17392.705	1	675
-17391.888	1	670
-17391.071	1	683
-17390.254	1	671
-17389.437	1	661
-17388.620	1	669
-17387.803	1	655
-17386.987	1	665
-17386.170	1	658
-17385.354	1	651
-17384.538	1	677
-17383.722	1	672
-17382.906	1	667
-17382.090	1	668
-17381.274	1	674
-17380.459	1	678
-17379.643	1	667
-17378.828	1	656
-17378.013	1	672
-17377.198	1	674
-17376.383	1	652
-17375.568	1	661
-17374.754	1	656
-17373.939	1	655
-17373.125	1	658
-17372.311	1	670
-17371.497	1	665
-17370.683	1	651
-17369.869	1	664
-17369.055	1	675
-17368.242	1	659
-17367.428	1	669
-17366.615	1	649
-17365.802	1	662
-17364.989	1	665
-17364.176	1	664
-17363.363	1	648
-17362.550	1	679
-17361.738	1	662
-17360.925	1	650
-17360.113	1	663
-17359.301	1	674
-17358.489	1	654
-17357.677	1	662
-17356.865	1	679
-17356.054	1	667
-17355.242	1	649
-17354.431	1	653
-17353.620	1	648
-17352.809	1	685
-17351.998	1	663
-17351.187	1	663
-17350.376	1	658
-17349.566	1	664
-17348.755	1	649
-17347.945	1	671
-17347.135	1	649
-17346.325	1	673
-17345.515	1	677
-17344.705	1	669
-17343.895	1	675
-17343.086	1	658
-17342.276	1	650
-17341.467	1	674
-17340.658	1	663
-17339.849	1	660
-17339.040	1	654
-17338.231	1	675
-17337.423	1	667
-17336.614	1	677
-17335.806	1	654
-17334.998	1	668
-17334.190	1	649
-17333.382	1	669
-17332.574	1	668
-17331.766	1	657
-17330.959	1	658
-17330.151	1	665
-17329.344	1	665
-17328.537	1	654
-17327.730	1	642
-17326.923	1	651
-17326.116	1	642
-17325.309	1	670
-17324.503	1	677
-17323.696	1	677
-17322.890	1	670
-17322.084	1	678
-17321.278	1	670
-17320.472	1	660
-17319.666	1	661
-17318.860	1	670
-17318.055	1	654
-17317.250	1	671
-17316.444	1	653
-17315.639	1	663
-17314.834	1	660
-17314.029	1	668
-17313.225	1	666
-17312.420	1	660
-17311.616	1	661
-17310.811	1	654
-17310.007	1	663
-17309.203	1	651
-17308.399	1	661
-17307.595	1	660
-17306.791	1	656
-17305.988	1	663
-17305.184	1	680
-17304.381	1	652
-17303.578	1	654
-17302.775	1	665
-17301.972	1	678
-17301.169	1	677
-17300.366	1	667
-17299.564	1	696
-17298.761	1	675
-17297.959	1	668
-17297.157	1	682
-17296.355	1	669
-17295.553	1	660
-17294.751	1	673
-17293.950	1	660
-17293.148	1	686
-17292.347	1	689
-17291.545	1	680
-17290.744	1	689
-17289.943	1	680
-17289.142	1	696
-17288.342	1	701
-17287.541	1	668
-17286.741	1	678
-17285.940	1	694
-17285.140	1	698
-17284.340	1	676
-17283.540	1	700
-17282.740	1	681
-17281.940	1	689
-17281.141	1	697
-17280.341	1	685
-17279.542	1	681
-17278.743	1	670
-17277.944	1	675
-17277.145	1	673
-17276.346	1	661
-17275.547	1	663
-17274.749	1	682
-17273.950	1	670
-17273.152	1	676
-17272.354	1	678
-17271.556	1	676
-17270.758	1	659
-17269.960	1	667
-17269.162	1	672
-17268.365	1	664
-17267.567	1	662
-17266.770	1	663
-17265.973	1	661
-17265.176	1	659
-17264.379	1	667
-17263.582	1	661
-17262.785	1	668
-17261.989	1	647
-17261.192	1	660
-17260.396	1	668
-17259.600	1	665
-17258.804	1	651
-17258.008	1	669
-17257.212	1	667
-17256.417	1	674
-17255.621	1	651
-17254.826	1	653
-17254.030	1	669
-17253.235	1	659
-17252.440	1	660
-17251.645	1	647
-17250.851	1	670
-17250.056	1	657
-17249.262	1	667
-17248.467	1	658
-17247.673	1	677
-17246.879	1	671
-17246.085	1	656
-17245.291	1	648
-17244.497	1	662
-17243.704	1	661
-17242.910	1	652
-17242.117	1	655
-17241.324	1	672
-17240.530	1	669
-17239.737	1	660
-17238.945	1	652
-17238.152	1	660
-17237.359	1	675
-17236.567	1	670
-17235.775	1	663
-17234.982	1	670
-17234.190	1	666
-17233.398	1	678
-17232.606	1	665
-17231.815	1	664
-17231.023	1	676
-17230.232	1	676
-17229.440	1	662
-17228.649	1	650
-17227.858	1	652
-17227.067	1	682
-17226.276	1	666
-17225.486	1	675
-17224.695	1	682
-17223.905	1	674
-17223.114	1	691
-17222.324	1	684
-17221.534	1	672
-17220.744	1	675
-17219.954	1	677
-17219.165	1	674
-17218.375	1	665
-17217.586	1	672
-17216.796	1	682
-17216.007	1	646
-17215.218	1	675
-17214.429	1	667
-17213.640	1	680
-17212.852	1	680
-17212.063	1	672
-17211.275	1	652
-17210.486	1	657
-17209.698	1	669
-17208.910	1	679
-17208.122	1	654
-17207.334	1	665
-17206.547	1	647
-17205.759	1	672
-17204.972	1	662
-17204.184	1	672
-17203.397	1	660
-17202.610	1	653
-17201.823	1	661
-17201.036	1	678
-17200.250	1	651
-17199.463	1	659
-17198.677	1	658
-17197.890	1	659
-17197.104	1	657
-17196.318	1	667
-17195.532	1	663
-17194.746	1	645
-17193.961	1	655
-17193.175	1	662
-17192.390	1	662
-17191.605	1	675
-17190.819	1	649
-17190.034	1	642
-17189.249	1	668
-17188.465	1	672
-17187.680	1	660
-17186.895	1	666
-17186.111	1	656
-17185.327	1	664
-17184.543	1	670
-17183.758	1	658
-17182.975	1	675
-17182.191	1	648
-17181.407	1	672
-17180.624	1	658
-17179.840	1	657
-17179.057	1	666
-17178.274	1	660
-17177.491	1	658
-17176.708	1	666
-17175.925	1	661
-17175.142	1	665
-17174.360	1	647
-17173.577	1	662
-17172.795	1	653
-17172.013	1	662
-17171.231	1	652
-17170.449	1	658
-17169.667	1	674
-17168.885	1	669
-17168.104	1	668
-17167.322	1	660
-17166.541	1	659
-17165.760	1	656
-17164.979	1	662
-17164.198	1	672
-17163.417	1	661
-17162.636	1	648
-17161.856	1	671
-17161.075	1	641
-17160.295	1	653
-17159.515	1	645
-17158.735	1	670
-17157.955	1	649
-17157.175	1	651
-17156.395	1	670
-17155.616	1	654
-17154.836	1	660
-17154.057	1	678
-17153.278	1	652
-17152.499	1	680
-17151.720	1	666
-17150.941	1	672
-17150.162	1	680
-17149.384	1	673
-17148.605	1	665
-17147.827	1	667
-17147.049	1	682
-17146.271	1	674
-17145.493	1	662
-17144.715	1	681
-17143.937	1	683
-17143.160	1	654
-17142.382	1	662
-17141.605	1	658
-17140.828	1	663
-17140.051	1	662
-17139.274	1	665
-17138.497	1	669
-17137.720	1	662
-17136.943	1	664
-17136.167	1	660
-17135.391	1	670
-17134.614	1	645
-17133.838	1	645
-17133.062	1	658
-17132.286	1	657
-17131.511	1	651
-17130.735	1	666
-17129.960	1	672
-17129.184	1	654
-17128.409	1	652
-17127.634	1	663
-17126.859	1	662
-17126.084	1	650
-17125.309	1	657
-17124.535	1	641
-17123.760	1	658
-17122.986	1	654
-17122.212	1	647
-17121.437	1	649
-17120.663	1	648
-17119.890	1	669
-17119.116	1	646
-17118.342	1	658
-17117.569	1	654
-17116.795	1	642
-17116.022	1	651
-17115.249	1	664
-17114.476	1	643
-17113.703	1	654
-17112.930	1	654
-17112.157	1	648
-17111.385	1	649
-17110.613	1	652
-17109.840	1	652
-17109.068	1	643
-17108.296	1	663
-17107.524	1	649
-17106.752	1	652
-17105.981	1	652
-17105.209	1	645
-17104.438	1	650
-17103.666	1	646
-17102.895	1	660
-17102.124	1	659
-17101.353	1	660
-17100.582	1	645
-17099.812	1	640
-17099.041	1	665
-17098.271	1	648
-17097.500	1	658
-17096.730	1	656
-17095.960	1	661
-17095.190	1	655
-17094.420	1	636
-17093.650	1	664
-17092.881	1	670
