-18243.143	1	646
-18242.186	1	659
-18241.229	1	659
-18240.273	1	647
-18239.316	1	645
-18238.360	1	646
-18237.404	1	651
-18236.447	1	659
-18235.492	1	663
-18234.536	1	655
-18233.580	1	639
-18232.625	1	659
-18231.669	1	656
-18230.714	1	651
-18229.759	1	645
-18228.805	1	645
-18227.850	1	656
-18226.895	1	648
-18225.941	1	665
-18224.987	1	647
-18224.033	1	646
-18223.079	1	647
-18222.126	1	650
-18221.172	1	656
-18220.219	1	655
-18219.265	1	633
-18218.312	1	649
-18217.360	1	640
-18216.407	1	638
-18215.454	1	654
-18214.502	1	664
-18213.550	1	644
-18212.598	1	655
-18211.646	1	658
-18210.694	1	661
-18209.742	1	651
-18208.791	1	663
-18207.840	1	647
-18206.888	1	647
-18205.937	1	634
-18204.987	1	657
-18204.036	1	652
-18203.086	1	652
-18202.135	1	659
-18201.185	1	659
-18200.235	1	651
-18199.285	1	650
-18198.335	1	656
-18197.386	1	654
-18196.437	1	649
-18195.487	1	649
-18194.538	1	661
-18193.589	1	642
-18192.641	1	632
-18191.692	1	645
-18190.744	1	650
-18189.795	1	658
-18188.847	1	657
-18187.899	1	643
-18186.952	1	650
-18186.004	1	646
-18185.057	1	642
-18184.109	1	667
-18183.162	1	648
-18182.215	1	656
-18181.268	1	672
-18180.322	1	673
-18179.375	1	681
-18178.429	1	677
-18177.482	1	676
-18176.536	1	672
-18175.591	1	671
-18174.645	1	660
-18173.699	1	662
-18172.754	1	671
-18171.809	1	653
-18170.863	1	652
-18169.919	1	665
-18168.974	1	647
-18168.029	1	654
-18167.085	1	647
-18166.140	1	647
-18165.196	1	660
-18164.252	1	661
-18163.308	1	645
-18162.365	1	643
-18161.421	1	650
-18160.478	1	649
-18159.535	1	654
-18158.592	1	672
-18157.649	1	653
-18156.706	1	645
-18155.763	1	652
-18154.821	1	649
-18153.879	1	656
-18152.937	1	656
-18151.995	1	649
-18151.053	1	648
-18150.111	1	639
-18149.170	1	645
-18148.229	1	666
-18147.287	1	647
-18146.346	1	666
-18145.406	1	658
-18144.465	1	644
-18143.524	1	649
-18142.584	1	627
-18141.644	1	656
-18140.704	1	646
-18139.764	1	631
-18138.824	1	651
-18137.884	1	634
-18136.945	1	655
-18136.006	1	646
-18135.067	1	654
-18134.128	1	644
-18133.189	1	656
-18132.250	1	644
-18131.312	1	639
-18130.373	1	654
-18129.435	1	656
-18128.497	1	663
-18127.559	1	649
-18126.622	1	654
-18125.684	1	647
-18124.747	1	670
-18123.809	1	653
-18122.872	1	651
-18121.935	1	652
-18120.999	1	643
-18120.062	1	640
-18119.126	1	643
-18118.189	1	639
-18117.253	1	654
-18116.317	1	656
-18115.381	1	652
-18114.446	1	639
-18113.510	1	656
-18112.575	1	655
-18111.640	1	640
-18110.705	1	643
-18109.770	1	652
-18108.835	1	655
-18107.900	1	657
-18106.966	1	655
-18106.032	1	639
-18105.097	1	649
-18104.164	1	651
-18103.230	1	637
-18102.296	1	644
-18101.363	1	649
-18100.429	1	663
-18099.496	1	643
-18098.563	1	651
-18097.630	1	653
-18096.697	1	664
-18095.765	1	666
-18094.832	1	655
-18093.900	1	661
-18092.968	1	662
-18092.036	1	641
-18091.104	1	655
-18090.173	1	662
-18089.241	1	660
-18088.310	1	635
-18087.379	1	650
-18086.448	1	658
-18085.517	1	635
-18084.586	1	648
-18083.656	1	665
-18082.725	1	629
-18081.795	1	672
-18080.865	1	665
-18079.935	1	647
-18079.005	1	655
-18078.076	1	662
-18077.146	1	643
-18076.217	1	651
-18075.288	1	663
-18074.359	1	667
-18073.430	1	652
-18072.501	1	633
-18071.573	1	653
-18070.644	1	653
-18069.716	1	657
-18068.788	1	664
-18067.860	1	646
-18066.932	1	635
-18066.005	1	652
-18065.077	1	652
-18064.150	1	642
-18063.223	1	654
-18062.296	1	632
-18061.369	1	642
-18060.442	1	653
-18059.516	1	651
-18058.589	1	650
-18057.663	1	649
-18056.737	1	660
-18055.811	1	653
-18054.885	1	642
-18053.960	1	644
-18053.034	1	650
-18052.109	1	651
-18051.184	1	656
-18050.259	1	646
-18049.334	1	665
-18048.409	1	663
-18047.485	1	653
-18046.560	1	656
-18045.636	1	649
-18044.712	1	651
-18043.788	1	656
-18042.864	1	649
-18041.941	1	660
-18041.017	1	648
-18040.094	1	648
-18039.171	1	641
-18038.248	1	651
-18037.325	1	642
-18036.402	1	662
-18035.480	1	657
-18034.557	1	646
-18033.635	1	655
-18032.713	1	650
-18031.791	1	663
-18030.869	1	650
-18029.948	1	652
-18029.026	1	655
-18028.105	1	649
-18027.184	1	671
-18026.263	1	652
-18025.342	1	657
-18024.421	1	664
-18023.501	1	656
-18022.580	1	651
-18021.660	1	646
-18020.740	1	649
-18019.820	1	655
-18018.900	1	669
-18017.981	1	668
-18017.061	1	669
-18016.142	1	638
-18015.223	1	666
-18014.304	1	642
-18013.385	1	672
-18012.466	1	645
-18011.547	1	669
-18010.629	1	656
-18009.711	1	654
-18008.793	1	664
-18007.875	1	652
-18006.957	1	649
-18006.039	1	648
-18005.122	1	642
-18004.204	1	662
-18003.287	1	652
-18002.370	1	649
-18001.453	1	654
-18000.536	1	645
-17999.620	1	664
-17998.703	1	641
-17997.787	1	657
-17996.871	1	650
-17995.955	1	645
-17995.039	1	631
-17994.123	1	657
-17993.208	1	666
-17992.293	1	643
-17991.377	1	629
-17990.462	1	643
-17989.547	1	648
-17988.633	1	646
-17987.718	1	651
-17986.804	1	660
-17985.889	1	652
-17984.975	1	647
-17984.061	1	658
-17983.147	1	648
-17982.233	1	660
-17981.320	1	641
-17980.406	1	669
-17979.493	1	640
-17978.580	1	653
-17977.667	1	641
-17976.754	1	656
-17975.842	1	641
-17974.929	1	662
-17974.017	1	654
-17973.105	1	652
-17972.193	1	659
-17971.281	1	635
-17970.369	1	657
-17969.457	1	656
-17968.546	1	652
-17967.635	1	644
-17966.723	1	654
-17965.812	1	647
-17964.902	1	656
-17963.991	1	657
-17963.080	1	654
-17962.170	1	657
-17961.260	1	642
-17960.350	1	644
-17959.440	1	663
-17958.530	1	652
-17957.620	1	663
-17956.711	1	642
-17955.802	1	655
-17954.892	1	650
-17953.983	1	665
-17953.074	1	649
-17952.166	1	650
-17951.257	1	651
-17950.349	1	641
-17949.440	1	641
-17948.532	1	650
-17947.624	1	647
-17946.716	1	653
-17945.809	1	645
-17944.901	1	645
-17943.994	1	660
-17943.087	1	653
-17942.179	1	660
-17941.273	1	651
-17940.366	1	643
-17939.459	1	652
-17938.553	1	659
-17937.646	1	656
-17936.740	1	653
-17935.834	1	650
-17934.928	1	634
-17934.022	1	655
-17933.117	1	655
-17932.211	1	660
-17931.306	1	636
-17930.401	1	643
-17929.496	1	652
-17928.591	1	665
-17927.686	1	649
-17926.782	1	646
-17925.878	1	665
-17924.973	1	658
-17924.069	1	652
-17923.165	1	659
-17922.261	1	639
-17921.358	1	648
-17920.454	1	659
-17919.551	1	652
-17918.648	1	653
-17917.745	1	655
-17916.842	1	653
-17915.939	1	645
-17915.036	1	641
-17914.134	1	655
-17913.232	1	647
-17912.330	1	650
-17911.428	1	658
-17910.526	1	651
-17909.624	1	655
-17908.722	1	641
-17907.821	1	652
-17906.920	1	645
-17906.019	1	667
-17905.118	1	657
-17904.217	1	652
-17903.316	1	653
-17902.416	1	661
-17901.515	1	643
-17900.615	1	648
-17899.715	1	650
-17898.815	1	660
-17897.915	1	663
-17897.016	1	655
-17896.116	1	647
-17895.217	1	650
-17894.318	1	652
-17893.419	1	641
-17892.520	1	656
-17891.621	1	656
-17890.722	1	636
-17889.824	1	652
-17888.926	1	669
-17888.028	1	646
-17887.130	1	656
-17886.232	1	642
-17885.334	1	666
-17884.436	1	641
-17883.539	1	644
-17882.642	1	651
-17881.745	1	659
-17880.848	1	648
-17879.951	1	648
-17879.054	1	646
-17878.158	1	634
-17877.261	1	649
-17876.365	1	650
-17875.469	1	656
-17874.573	1	660
-17873.677	1	653
-17872.782	1	670
-17871.886	1	654
-17870.991	1	652
-17870.096	1	638
-17869.201	1	664
-17868.306	1	661
-17867.411	1	659
-17866.516	1	655
-17865.622	1	661
-17864.728	1	644
-17863.833	1	645
-17862.939	1	661
-17862.045	1	650
-17861.152	1	645
-17860.258	1	642
-17859.365	1	646
-17858.471	1	641
-17857.578	1	653
-17856.685	1	649
-17855.793	1	651
-17854.900	1	650
-17854.007	1	654
-17853.115	1	659
-17852.223	1	640
-17851.331	1	651
-17850.439	1	648
-17849.547	1	654
-17848.655	1	650
-17847.764	1	659
-17846.872	1	645
-17845.981	1	649
-17845.090	1	665
-17844.199	1	651
-17843.308	1	646
-17842.418	1	646
-17841.527	1	646
-17840.637	1	671
-17839.746	1	653
-17838.856	1	642
-17837.967	1	641
-17837.077	1	653
-17836.187	1	641
-17835.298	1	660
-17834.408	1	651
-17833.519	1	649
-17832.630	1	663
-17831.741	1	647
-17830.853	1	650
-17829.964	1	647
-17829.075	1	642
-17828.187	1	644
-17827.299	1	665
-17826.411	1	671
-17825.523	1	639
-17824.635	1	644
-17823.748	1	648
-17822.860	1	676
-17821.973	1	643
-17821.086	1	653
-17820.199	1	657
-17819.312	1	649
-17818.426	1	648
-17817.539	1	639
-17816.653	1	645
-17815.766	1	668
-17814.880	1	654
-17813.994	1	653
-17813.108	1	660
-17812.223	1	641
-17811.337	1	641
-17810.452	1	654
-17809.567	1	639
-17808.681	1	652
-17807.797	1	654
-17806.912	1	660
-17806.027	1	639
-17805.143	1	659
-17804.258	1	645
-17803.374	1	640
-17802.490	1	643
-17801.606	1	648
-17800.722	1	649
-17799.838	1	671
-17798.955	1	644
-17798.072	1	652
-17797.188	1	652
-17796.305	1	661
-17795.422	1	662
-17794.540	1	639
-17793.657	1	656
-17792.775	1	657
-17791.892	1	636
-17791.010	1	647
-17790.128	1	654
-17789.246	1	643
-17788.364	1	642
-17787.483	1	651
-17786.601	1	648
-17785.720	1	643
-17784.839	1	653
-17783.958	1	651
-17783.077	1	655
-17782.196	1	643
-17781.315	1	651
-17780.435	1	654
-17779.555	1	648
-17778.674	1	655
-17777.794	1	660
-17776.914	1	647
-17776.035	1	655
-17775.155	1	658
-17774.276	1	643
-17773.396	1	644
-17772.517	1	668
-17771.638	1	647
-17770.759	1	647
-17769.881	1	654
-17769.002	1	647
-17768.124	1	638
-17767.245	1	640
-17766.367	1	650
-17765.489	1	644
-17764.611	1	645
-17763.733	1	650
-17762.856	1	641
-17761.978	1	648
-17761.101	1	664
-17760.224	1	647
-17759.347	1	640
-17758.470	1	633
-17757.593	1	666
-17756.717	1	661
-17755.840	1	647
-17754.964	1	656
-17754.088	1	650
-17753.212	1	649
-17752.336	1	654
-17751.460	1	656
-17750.585	1	644
-17749.709	1	649
-17748.834	1	662
-17747.959	1	639
-17747.084	1	649
-17746.209	1	640
-17745.334	1	640
-17744.460	1	661
-17743.585	1	639
-17742.711	1	658
-17741.837	1	660
-17740.963	1	648
-17740.089	1	647
-17739.215	1	660
-17738.342	1	657
-17737.468	1	651
-17736.595	1	648
-17735.722	1	645
-17734.849	1	649
-17733.976	1	654
-17733.103	1	658
-17732.231	1	646
-17731.358	1	656
-17730.486	1	667
-17729.614	1	642
-17728.742	1	646
-17727.870	1	649
-17726.998	1	638
-17726.127	1	659
-17725.255	1	644
-17724.384	1	657
-17723.513	1	653
-17722.642	1	644
-17721.771	1	656
-17720.900	1	658
-17720.030	1	643
-17719.159	1	643
-17718.289	1	670
-17717.419	1	648
-17716.549	1	655
-17715.679	1	646
-17714.809	1	640
-17713.940	1	650
-17713.070	1	651
-17712.201	1	651
-17711.332	1	642
-17710.463	1	655
-17709.594	1	652
-17708.725	1	656
-17707.857	1	636
-17706.988	1	635
-17706.120	1	655
-17705.252	1	647
-17704.384	1	655
-17703.516	1	647
-17702.648	1	656
-17701.781	1	647
-17700.913	1	651
-17700.046	1	658
-17699.179	1	640
-17698.312	1	639
-17697.445	1	672
-17696.578	1	652
-17695.711	1	636
-17694.845	1	635
-17693.979	1	650
-17693.112	1	651
-17692.246	1	640
-17691.381	1	637
-17690.515	1	641
-17689.649	1	638
-17688.784	1	643
-17687.918	1	647
-17687.053	1	649
-17686.188	1	658
-17685.323	1	647
-17684.458	1	660
-17683.594	1	652
-17682.729	1	645
-17681.865	1	643
-17681.001	1	646
-17680.137	1	649
-17679.273	1	650
-17678.409	1	636
-17677.545	1	658
-17676.682	1	639
-17675.819	1	646
-17674.955	1	652
-17674.092	1	654
-17673.229	1	652
-17672.367	1	632
-17671.504	1	647
-17670.641	1	664
-17669.779	1	634
-17668.917	1	650
-17668.055	1	648
-17667.193	1	638
-17666.331	1	657
-17665.469	1	647
-17664.608	1	645
-17663.746	1	649
-17662.885	1	648
-17662.024	1	648
-17661.163	1	663
-17660.302	1	655
-17659.441	1	634
-17658.581	1	637
-17657.721	1	652
-17656.860	1	647
-17656.000	1	649
-17655.140	1	662
-17654.280	1	637
-17653.421	1	648
-17652.561	1	643
-17651.702	1	654
-17650.842	1	639
-17649.983	1	649
-17649.124	1	648
-17648.265	1	643
-17647.407	1	652
-17646.548	1	661
-17645.690	1	650
-17644.831	1	650
-17643.973	1	652
-17643.115	1	655
-17642.257	1	653
-17641.399	1	654
-17640.542	1	663
-17639.684	1	649
-17638.827	1	656
-17637.970	1	646
-17637.113	1	655
-17636.256	1	637
-17635.399	1	647
-17634.542	1	651
-17633.686	1	642
-17632.830	1	641
-17631.973	1	659
-17631.117	1	648
-17630.261	1	653
-17629.406	1	650
-17628.550	1	652
-17627.694	1	637
-17626.839	1	633
-17625.984	1	663
-17625.129	1	636
-17624.274	1	660
-17623.419	1	656
-17622.564	1	642
-17621.710	1	640
-17620.855	1	652
-17620.001	1	660
-17619.147	1	643
-17618.293	1	645
-17617.439	1	648
-17616.585	1	661
-17615.732	1	656
-17614.878	1	653
-17614.025	1	645
-17613.172	1	628
-17612.319	1	651
-17611.466	1	659
-17610.613	1	639
-17609.761	1	642
-17608.908	1	643
-17608.056	1	669
-17607.204	1	659
-17606.352	1	663
-17605.500	1	658
-17604.648	1	649
-17603.796	1	655
-17602.945	1	662
-17602.094	1	670
-17601.242	1	656
-17600.391	1	655
-17599.540	1	640
-17598.689	1	664
-17597.839	1	650
-17596.988	1	645
-17596.138	1	642
-17595.288	1	643
-17594.438	1	637
-17593.588	1	660
-17592.738	1	643
-17591.888	1	657
-17591.038	1	642
-17590.189	1	648
-17589.340	1	650
-17588.491	1	679
-17587.642	1	643
-17586.793	1	635
-17585.944	1	650
-17585.095	1	658
-17584.247	1	647
-17583.399	1	651
-17582.550	1	658
-17581.702	1	643
-17580.855	1	669
-17580.007	1	653
-17579.159	1	642
-17578.312	1	643
-17577.464	1	661
-17576.617	1	642
-17575.770	1	646
-17574.923	1	635
-17574.076	1	650
-17573.230	1	640
-17572.383	1	646
-17571.537	1	626
-17570.690	1	640
-17569.844	1	662
-17568.998	1	638
-17568.152	1	641
-17567.307	1	647
-17566.461	1	653
-17565.616	1	641
-17564.770	1	643
-17563.925	1	661
-17563.080	1	654
-17562.235	1	643
-17561.391	1	633
-17560.546	1	639
-17559.702	1	650
-17558.857	1	657
-17558.013	1	643
-17557.169	1	639
-17556.325	1	643
-17555.481	1	659
-17554.638	1	635
-17553.794	1	645
-17552.951	1	643
-17552.108	1	658
-17551.264	1	645
-17550.421	1	635
-17549.579	1	647
-17548.736	1	647
-17547.893	1	655
-17547.051	1	652
-17546.209	1	659
-17545.367	1	661
-17544.525	1	633
-17543.683	1	647
-17542.841	1	643
-17541.999	1	653
-17541.158	1	654
-17540.316	1	632
-17539.475	1	636
-17538.634	1	633
-17537.793	1	650
-17536.953	1	639
-17536.112	1	653
-17535.271	1	649
-17534.431	1	640
-17533.591	1	656
-17532.751	1	644
-17531.911	1	642
-17531.071	1	655
-17530.231	1	654
-17529.392	1	644
-17528.552	1	646
-17527.713	1	656
-17526.874	1	636
-17526.035	1	648
-17525.196	1	638
-17524.357	1	650
-17523.518	1	646
-17522.680	1	645
-17521.842	1	646
-17521.003	1	661
-17520.165	1	647
-17519.327	1	655
-17518.490	1	645
-17517.652	1	649
-17516.815	1	643
-17515.977	1	658
-17515.140	1	655
-17514.303	1	644
-17513.466	1	645
-17512.629	1	648
-17511.792	1	639
-17510.956	1	643
-17510.119	1	650
-17509.283	1	652
-17508.447	1	647
-17507.611	1	643
-17506.775	1	654
-17505.939	1	632
-17505.103	1	658
-17504.268	1	652
-17503.433	1	645
-17502.597	1	649
-17501.762	1	637
-17500.927	1	644
-17500.092	1	638
-17499.258	1	640
-17498.423	1	648
-17497.589	1	643
-17496.755	1	644
-17495.920	1	643
-17495.086	1	638
-17494.252	1	642
-17493.419	1	645
-17492.585	1	655
-17491.752	1	648
-17490.918	1	640
-17490.085	1	653
-17489.252	1	644
-17488.419	1	657
-17487.586	1	651
-17486.754	1	642
-17485.921	1	648
-17485.089	1	652
-17484.257	1	644
-17483.424	1	647
-17482.592	1	663
-17481.761	1	639
-17480.929	1	650
-17480.097	1	648
-17479.266	1	653
-17478.434	1	661
-17477.603	1	652
-17476.772	1	651
-17475.941	1	658
-17475.111	1	659
-17474.280	1	652
-17473.449	1	641
-17472.619	1	637
-17471.789	1	654
-17470.959	1	639
-17470.129	1	644
-17469.299	1	665
-17468.469	1	669
-17467.640	1	650
-17466.810	1	638
-17465.981	1	646
-17465.152	1	654
-17464.323	1	649
-17463.494	1	651
-17462.665	1	646
-17461.836	1	643
-17461.008	1	639
-17460.179	1	640
-17459.351	1	647
-17458.523	1	652
-17457.695	1	659
-17456.867	1	655
-17456.040	1	654
-17455.212	1	653
-17454.385	1	649
-17453.557	1	645
-17452.730	1	644
-17451.903	1	648
-17451.076	1	638
-17450.249	1	647
-17449.423	1	656
-17448.596	1	653
-17447.770	1	648
-17446.944	1	642
-17446.118	1	646
-17445.292	1	641
-17444.466	1	640
-17443.640	1	659
-17442.814	1	671
-17441.989	1	660
-17441.164	1	653
-17440.339	1	647
-17439.514	1	646
-17438.689	1	650
-17437.864	1	663
-17437.039	1	658
-17436.215	1	649
-17435.390	1	664
-17434.566	1	654
-17433.742	1	675
-17432.918	1	659
-17432.094	1	657
-17431.270	1	656
-17430.447	1	661
-17429.623	1	647
-17428.800	1	645
-17427.977	1	662
-17427.154	1	675
-17426.331	1	670
-17425.508	1	651
-17424.686	1	653
-17423.863	1	658
-17423.041	1	658
-17422.218	1	642
-17421.396	1	640
-17420.574	1	658
-17419.752	1	654
-17418.931	1	636
-17418.109	1	646
-17417.288	1	644
-17416.466	1	638
-17415.645	1	660
-17414.824	1	653
-17414.003	1	645
-17413.182	1	643
-17412.362	1	639
-17411.541	1	651
-17410.721	1	639
-17409.901	1	641
-17409.080	1	650
-17408.260	1	666
-17407.441	1	632
-17406.621	1	651
-17405.801	1	647
-17404.982	1	654
-17404.162	1	651
-17403.343	1	645
-17402.524	1	641
-17401.705	1	635
-17400.886	1	662
-17400.068	1	651
-17399.249	1	636
-17398.431	1	654
-17397.612	1	630
-17396.794	1	644
-17395.976	1	644
-17395.158	1	647
-17394.341	1	641
-17393.523	1	648
-17392.705	1	658
-17391.888	1	640
-17391.071	1	641
-17390.254	1	636
-17389.437	1	649
-17388.620	1	657
-17387.803	1	629
-17386.987	1	631
-17386.170	1	643
-17385.354	1	659
-17384.538	1	623
-17383.722	1	653
-17382.906	1	638
-17382.090	1	639
-17381.274	1	634
-17380.459	1	645
-17379.643	1	635
-17378.828	1	657
-17378.013	1	644
-17377.198	1	646
-17376.383	1	646
-17375.568	1	649
-17374.754	1	644
-17373.939	1	636
-17373.125	1	648
-17372.311	1	643
-17371.497	1	649
-17370.683	1	650
-17369.869	1	645
-17369.055	1	636
-17368.242	1	632
-17367.428	1	639
-17366.615	1	641
-17365.802	1	633
-17364.989	1	668
-17364.176	1	644
-17363.363	1	636
-17362.550	1	645
-17361.738	1	649
-17360.925	1	637
-17360.113	1	653
-17359.301	1	647
-17358.489	1	644
-17357.677	1	642
-17356.865	1	632
-17356.054	1	649
-17355.242	1	646
-17354.431	1	641
-17353.620	1	657
-17352.809	1	636
-17351.998	1	641
-17351.187	1	637
-17350.376	1	633
-17349.566	1	649
-17348.755	1	652
-17347.945	1	639
-17347.135	1	651
-17346.325	1	634
-17345.515	1	639
-17344.705	1	654
-17343.895	1	633
-17343.086	1	642
-17342.276	1	645
-17341.467	1	636
-17340.658	1	644
-17339.849	1	645
-17339.040	1	635
-17338.231	1	648
-17337.423	1	646
-17336.614	1	653
-17335.806	1	643
-17334.998	1	649
-17334.190	1	640
-17333.382	1	650
-17332.574	1	641
-17331.766	1	642
-17330.959	1	632
-17330.151	1	634
-17329.344	1	644
-17328.537	1	633
-17327.730	1	668
-17326.923	1	653
-17326.116	1	643
-17325.309	1	640
-17324.503	1	661
-17323.696	1	668
-17322.890	1	672
-17322.084	1	637
-17321.278	1	648
-17320.472	1	633
-17319.666	1	647
-17318.860	1	637
-17318.055	1	652
-17317.250	1	633
-17316.444	1	642
-17315.639	1	634
-17314.834	1	633
-17314.029	1	646
-17313.225	1	645
-17312.420	1	624
-17311.616	1	649
-17310.811	1	639
-17310.007	1	643
-17309.203	1	653
-17308.399	1	642
-17307.595	1	643
-17306.791	1	643
-17305.988	1	640
-17305.184	1	634
-17304.381	1	635
-17303.578	1	645
-17302.775	1	649
-17301.972	1	650
-17301.169	1	653
-17300.366	1	645
-17299.564	1	653
-17298.761	1	638
-17297.959	1	648
-17297.157	1	653
-17296.355	1	662
-17295.553	1	644
-17294.751	1	654
-17293.950	1	653
-17293.148	1	660
-17292.347	1	652
-17291.545	1	648
-17290.744	1	650
-17289.943	1	652
-17289.142	1	655
-17288.342	1	637
-17287.541	1	658
-17286.741	1	665
-17285.940	1	659
-17285.140	1	648
-17284.340	1	647
-17283.540	1	658
-17282.740	1	650
-17281.940	1	661
-17281.141	1	665
-17280.341	1	660
-17279.542	1	648
-17278.743	1	662
-17277.944	1	662
-17277.145	1	645
-17276.346	1	650
-17275.547	1	651
-17274.749	1	659
-17273.950	1	655
-17273.152	1	646
-17272.354	1	651
-17271.556	1	628
-17270.758	1	639
-17269.960	1	647
-17269.162	1	640
-17268.365	1	630
-17267.567	1	645
-17266.770	1	634
-17265.973	1	649
-17265.176	1	654
-17264.379	1	638
-17263.582	1	646
-17262.785	1	649
-17261.989	1	631
-17261.192	1	647
-17260.396	1	640
-17259.600	1	647
-17258.804	1	636
-17258.008	1	659
-17257.212	1	649
-17256.417	1	646
-17255.621	1	638
-17254.826	1	648
-17254.030	1	626
-17253.235	1	643
-17252.440	1	641
-17251.645	1	640
-17250.851	1	643
-17250.056	1	648
-17249.262	1	653
-17248.467	1	643
-17247.673	1	637
-17246.879	1	644
-17246.085	1	653
-17245.291	1	637
-17244.497	1	645
-17243.704	1	649
-17242.910	1	641
-17242.117	1	650
-17241.324	1	652
-17240.530	1	645
-17239.737	1	640
-17238.945	1	643
-17238.152	1	643
-17237.359	1	648
-17236.567	1	649
-17235.775	1	641
-17234.982	1	644
-17234.190	1	649
-17233.398	1	632
-17232.606	1	643
-17231.815	1	656
-17231.023	1	656
-17230.232	1	654
-17229.440	1	642
-17228.649	1	637
-17227.858	1	641
-17227.067	1	650
-17226.276	1	667
-17225.486	1	638
-17224.695	1	649
-17223.905	1	638
-17223.114	1	659
-17222.324	1	645
-17221.534	1	642
-17220.744	1	650
-17219.954	1	648
-17219.165	1	649
-17218.375	1	632
-17217.586	1	654
-17216.796	1	662
-17216.007	1	645
-17215.218	1	646
-17214.429	1	627
-17213.640	1	642
-17212.852	1	642
-17212.063	1	651
-17211.275	1	642
-17210.486	1	637
-17209.698	1	646
-17208.910	1	633
-17208.122	1	649
-17207.334	1	642
-17206.547	1	653
-17205.759	1	644
-17204.972	1	642
-17204.184	1	646
-17203.397	1	651
-17202.610	1	651
-17201.823	1	643
-17201.036	1	642
-17200.250	1	640
-17199.463	1	635
-17198.677	1	637
-17197.890	1	646
-17197.104	1	640
-17196.318	1	644
-17195.532	1	644
-17194.746	1	649
-17193.961	1	639
-17193.175	1	653
-17192.390	1	644
-17191.605	1	640
-17190.819	1	650
-17190.034	1	650
-17189.249	1	635
-17188.465	1	658
-17187.680	1	628
-17186.895	1	640
-17186.111	1	649
-17185.327	1	642
-17184.543	1	641
-17183.758	1	630
-17182.975	1	645
-17182.191	1	647
-17181.407	1	632
-17180.624	1	638
-17179.840	1	645
-17179.057	1	636
-17178.274	1	631
-17177.491	1	641
-17176.708	1	648
-17175.925	1	647
-17175.142	1	634
-17174.360	1	645
-17173.577	1	637
-17172.795	1	636
-17172.013	1	643
-17171.231	1	635
-17170.449	1	652
-17169.667	1	640
-17168.885	1	640
-17168.104	1	649
-17167.322	1	645
-17166.541	1	643
-17165.760	1	636
-17164.979	1	648
-17164.198	1	646
-17163.417	1	643
-17162.636	1	627
-17161.856	1	650
-17161.075	1	651
-17160.295	1	635
-17159.515	1	647
-17158.735	1	644
-17157.955	1	654
-17157.175	1	645
-17156.395	1	662
-17155.616	1	654
-17154.836	1	655
-17154.057	1	635
-17153.278	1	659
-17152.499	1	634
-17151.720	1	655
-17150.941	1	654
-17150.162	1	662
-17149.384	1	643
-17148.605	1	627
-17147.827	1	633
-17147.049	1	660
-17146.271	1	647
-17145.493	1	658
-17144.715	1	669
-17143.937	1	657
-17143.160	1	655
-17142.382	1	645
-17141.605	1	654
-17140.828	1	655
-17140.051	1	637
-17139.274	1	626
-17138.497	1	635
-17137.720	1	650
-17136.943	1	654
-17136.167	1	642
-17135.391	1	642
-17134.614	1	651
-17133.838	1	649
-17133.062	1	650
-17132.286	1	644
-17131.511	1	637
-17130.735	1	630
-17129.960	1	652
-17129.184	1	634
-17128.409	1	642
-17127.634	1	636
-17126.859	1	633
-17126.084	1	646
-17125.309	1	645
-17124.535	1	651
-17123.760	1	629
-17122.986	1	657
-17122.212	1	642
-17121.437	1	639
-17120.663	1	639
-17119.890	1	640
-17119.116	1	644
-17118.342	1	643
-17117.569	1	643
-17116.795	1	650
-17116.022	1	637
-17115.249	1	632
-17114.476	1	638
-17113.703	1	637
-17112.930	1	635
-17112.157	1	637
-17111.385	1	634
-17110.613	1	648
-17109.840	1	638
-17109.068	1	646
-17108.296	1	645
-17107.524	1	627
-17106.752	1	648
-17105.981	1	655
-17105.209	1	658
-17104.438	1	648
-17103.666	1	651
-17102.895	1	635
-17102.124	1	638
-17101.353	1	644
-17100.582	1	642
-17099.812	1	625
-17099.041	1	652
-17098.271	1	638
-17097.500	1	647
-17096.730	1	650
-17095.960	1	651
-17095.190	1	646
-17094.420	1	638
-17093.650	1	646
-17092.881	1	642
