-18243.143	1	674
-18242.186	1	675
-18241.229	1	670
-18240.273	1	688
-18239.316	1	701
-18238.360	1	687
-18237.404	1	694
-18236.447	1	684
-18235.492	1	681
-18234.536	1	694
-18233.580	1	688
-18232.625	1	696
-18231.669	1	692
-18230.714	1	687
-18229.759	1	689
-18228.805	1	678
-18227.850	1	703
-18226.895	1	694
-18225.941	1	692
-18224.987	1	687
-18224.033	1	687
-18223.079	1	680
-18222.126	1	672
-18221.172	1	692
-18220.219	1	696
-18219.265	1	667
-18218.312	1	696
-18217.360	1	699
-18216.407	1	677
-18215.454	1	706
-18214.502	1	691
-18213.550	1	717
-18212.598	1	678
-18211.646	1	684
-18210.694	1	701
-18209.742	1	702
-18208.791	1	690
-18207.840	1	683
-18206.888	1	687
-18205.937	1	683
-18204.987	1	701
-18204.036	1	703
-18203.086	1	678
-18202.135	1	705
-18201.185	1	706
-18200.235	1	705
-18199.285	1	700
-18198.335	1	707
-18197.386	1	689
-18196.437	1	686
-18195.487	1	700
-18194.538	1	692
-18193.589	1	700
-18192.641	1	695
-18191.692	1	702
-18190.744	1	674
-18189.795	1	690
-18188.847	1	688
-18187.899	1	694
-18186.952	1	684
-18186.004	1	703
-18185.057	1	702
-18184.109	1	712
-18183.162	1	695
-18182.215	1	722
-18181.268	1	723
-18180.322	1	722
-18179.375	1	743
-18178.429	1	765
-18177.482	1	762
-18176.536	1	749
-18175.591	1	719
-18174.645	1	739
-18173.699	1	714
-18172.754	1	705
-18171.809	1	701
-18170.863	1	712
-18169.919	1	719
-18168.974	1	678
-18168.029	1	700
-18167.085	1	697
-18166.140	1	694
-18165.196	1	684
-18164.252	1	698
-18163.308	1	691
-18162.365	1	701
-18161.421	1	691
-18160.478	1	689
-18159.535	1	693
-18158.592	1	684
-18157.649	1	700
-18156.706	1	699
-18155.763	1	699
-18154.821	1	697
-18153.879	1	692
-18152.937	1	698
-18151.995	1	704
-18151.053	1	710
-18150.111	1	689
-18149.170	1	699
-18148.229	1	705
-18147.287	1	687
-18146.346	1	684
-18145.406	1	686
-18144.465	1	685
-18143.524	1	685
-18142.584	1	710
-18141.644	1	690
-18140.704	1	694
-18139.764	1	699
-18138.824	1	703
-18137.884	1	684
-18136.945	1	706
-18136.006	1	688
-18135.067	1	711
-18134.128	1	673
-18133.189	1	711
-18132.250	1	702
-18131.312	1	705
-18130.373	1	711
-18129.435	1	702
-18128.497	1	678
-18127.559	1	679
-18126.622	1	692
-18125.684	1	712
-18124.747	1	699
-18123.809	1	694
-18122.872	1	704
-18121.935	1	690
-18120.999	1	707
-18120.062	1	690
-18119.126	1	696
-18118.189	1	690
-18117.253	1	685
-18116.317	1	695
-18115.381	1	701
-18114.446	1	695
-18113.510	1	715
-18112.575	1	684
-18111.640	1	703
-18110.705	1	691
-18109.770	1	680
-18108.835	1	707
-18107.900	1	699
-18106.966	1	693
-18106.032	1	684
-18105.097	1	703
-18104.164	1	713
-18103.230	1	696
-18102.296	1	682
-18101.363	1	695
-18100.429	1	707
-18099.496	1	691
-18098.563	1	696
-18097.630	1	702
-18096.697	1	694
-18095.765	1	700
-18094.832	1	682
-18093.900	1	702
-18092.968	1	707
-18092.036	1	720
-18091.104	1	720
-18090.173	1	686
-18089.241	1	700
-18088.310	1	699
-18087.379	1	692
-18086.448	1	695
-18085.517	1	688
-18084.586	1	694
-18083.656	1	711
-18082.725	1	687
-18081.795	1	699
-18080.865	1	692
-18079.935	1	696
-18079.005	1	706
-18078.076	1	698
-18077.146	1	706
-18076.217	1	697
-18075.288	1	701
-18074.359	1	699
-18073.430	1	701
-18072.501	1	700
-18071.573	1	703
-18070.644	1	704
-18069.716	1	708
-18068.788	1	714
-18067.860	1	701
-18066.932	1	695
-18066.005	1	712
-18065.077	1	709
-18064.150	1	703
-18063.223	1	675
-18062.296	1	691
-18061.369	1	701
-18060.442	1	706
-18059.516	1	700
-18058.589	1	687
-18057.663	1	703
-18056.737	1	713
-18055.811	1	691
-18054.885	1	703
-18053.960	1	706
-18053.034	1	701
-18052.109	1	703
-18051.184	1	702
-18050.259	1	704
-18049.334	1	700
-18048.409	1	709
-18047.485	1	697
-18046.560	1	691
-18045.636	1	692
-18044.712	1	707
-18043.788	1	718
-18042.864	1	729
-18041.941	1	682
-18041.017	1	695
-18040.094	1	694
-18039.171	1	711
-18038.248	1	702
-18037.325	1	696
-18036.402	1	719
-18035.480	1	709
-18034.557	1	709
-18033.635	1	716
-18032.713	1	691
-18031.791	1	708
-18030.869	1	714
-18029.948	1	688
-18029.026	1	714
-18028.105	1	724
-18027.184	1	697
-18026.263	1	714
-18025.342	1	709
-18024.421	1	708
-18023.501	1	715
-18022.580	1	709
-18021.660	1	738
-18020.740	1	739
-18019.820	1	727
-18018.900	1	726
-18017.981	1	735
-18017.061	1	718
-18016.142	1	743
-18015.223	1	738
-18014.304	1	712
-18013.385	1	743
-18012.466	1	727
-18011.547	1	730
-18010.629	1	732
-18009.711	1	715
-18008.793	1	718
-18007.875	1	713
-18006.957	1	706
-18006.039	1	709
-18005.122	1	700
-18004.204	1	704
-18003.287	1	705
-18002.370	1	712
-18001.453	1	694
-18000.536	1	707
-17999.620	1	690
-17998.703	1	714
-17997.787	1	701
-17996.871	1	701
-17995.955	1	711
-17995.039	1	697
-17994.123	1	712
-17993.208	1	705
-17992.293	1	704
-17991.377	1	705
-17990.462	1	705
-17989.547	1	709
-17988.633	1	686
-17987.718	1	707
-17986.804	1	706
-17985.889	1	716
-17984.975	1	715
-17984.061	1	692
-17983.147	1	673
-17982.233	1	694
-17981.320	1	699
-17980.406	1	692
-17979.493	1	686
-17978.580	1	710
-17977.667	1	694
-17976.754	1	707
-17975.842	1	699
-17974.929	1	699
-17974.017	1	699
-17973.105	1	698
-17972.193	1	702
-17971.281	1	714
-17970.369	1	707
-17969.457	1	703
-17968.546	1	712
-17967.635	1	715
-17966.723	1	701
-17965.812	1	715
-17964.902	1	718
-17963.991	1	722
-17963.080	1	703
-17962.170	1	691
-17961.260	1	705
-17960.350	1	696
-17959.440	1	715
-17958.530	1	710
-17957.620	1	702
-17956.711	1	698
-17955.802	1	712
-17954.892	1	690
-17953.983	1	688
-17953.074	1	713
-17952.166	1	719
-17951.257	1	696
-17950.349	1	713
-17949.440	1	702
-17948.532	1	705
-17947.624	1	688
-17946.716	1	697
-17945.809	1	705
-17944.901	1	703
-17943.994	1	700
-17943.087	1	703
-17942.179	1	704
-17941.273	1	703
-17940.366	1	698
-17939.459	1	691
-17938.553	1	714
-17937.646	1	705
-17936.740	1	712
-17935.834	1	699
-17934.928	1	685
-17934.022	1	691
-17933.117	1	693
-17932.211	1	701
-17931.306	1	694
-17930.401	1	723
-17929.496	1	706
-17928.591	1	710
-17927.686	1	719
-17926.782	1	719
-17925.878	1	705
-17924.973	1	696
-17924.069	1	712
-17923.165	1	704
-17922.261	1	696
-17921.358	1	700
-17920.454	1	709
-17919.551	1	689
-17918.648	1	699
-17917.745	1	714
-17916.842	1	697
-17915.939	1	683
-17915.036	1	716
-17914.134	1	717
-17913.232	1	698
-17912.330	1	704
-17911.428	1	701
-17910.526	1	710
-17909.624	1	690
-17908.722	1	708
-17907.821	1	712
-17906.920	1	708
-17906.019	1	705
-17905.118	1	687
-17904.217	1	698
-17903.316	1	705
-17902.416	1	683
-17901.515	1	698
-17900.615	1	699
-17899.715	1	690
-17898.815	1	708
-17897.915	1	711
-17897.016	1	712
-17896.116	1	703
-17895.217	1	693
-17894.318	1	719
-17893.419	1	692
-17892.520	1	713
-17891.621	1	699
-17890.722	1	695
-17889.824	1	698
-17888.926	1	708
-17888.028	1	709
-17887.130	1	705
-17886.232	1	715
-17885.334	1	715
-17884.436	1	708
-17883.539	1	689
-17882.642	1	717
-17881.745	1	712
-17880.848	1	719
-17879.951	1	712
-17879.054	1	719
-17878.158	1	690
-17877.261	1	693
-17876.365	1	712
-17875.469	1	706
-17874.573	1	707
-17873.677	1	704
-17872.782	1	708
-17871.886	1	709
-17870.991	1	714
-17870.096	1	714
-17869.201	1	694
-17868.306	1	715
-17867.411	1	702
-17866.516	1	705
-17865.622	1	698
-17864.728	1	719
-17863.833	1	703
-17862.939	1	693
-17862.045	1	722
-17861.152	1	696
-17860.258	1	683
-17859.365	1	725
-17858.471	1	698
-17857.578	1	708
-17856.685	1	716
-17855.793	1	718
-17854.900	1	714
-17854.007	1	713
-17853.115	1	697
-17852.223	1	706
-17851.331	1	714
-17850.439	1	703
-17849.547	1	704
-17848.655	1	692
-17847.764	1	702
-17846.872	1	706
-17845.981	1	702
-17845.090	1	710
-17844.199	1	701
-17843.308	1	694
-17842.418	1	704
-17841.527	1	706
-17840.637	1	702
-17839.746	1	697
-17838.856	1	713
-17837.967	1	701
-17837.077	1	716
-17836.187	1	718
-17835.298	1	708
-17834.408	1	703
-17833.519	1	713
-17832.630	1	692
-17831.741	1	699
-17830.853	1	706
-17829.964	1	702
-17829.075	1	711
-17828.187	1	713
-17827.299	1	709
-17826.411	1	691
-17825.523	1	718
-17824.635	1	699
-17823.748	1	695
-17822.860	1	710
-17821.973	1	712
-17821.086	1	686
-17820.199	1	681
-17819.312	1	693
-17818.426	1	723
-17817.539	1	704
-17816.653	1	708
-17815.766	1	686
-17814.880	1	709
-17813.994	1	700
-17813.108	1	696
-17812.223	1	716
-17811.337	1	714
-17810.452	1	709
-17809.567	1	701
-17808.681	1	696
-17807.797	1	709
-17806.912	1	707
-17806.027	1	678
-17805.143	1	716
-17804.258	1	691
-17803.374	1	716
-17802.490	1	703
-17801.606	1	699
-17800.722	1	717
-17799.838	1	710
-17798.955	1	697
-17798.072	1	705
-17797.188	1	715
-17796.305	1	695
-17795.422	1	690
-17794.540	1	693
-17793.657	1	714
-17792.775	1	714
-17791.892	1	725
-17791.010	1	711
-17790.128	1	698
-17789.246	1	698
-17788.364	1	717
-17787.483	1	694
-17786.601	1	704
-17785.720	1	711
-17784.839	1	690
-17783.958	1	707
-17783.077	1	714
-17782.196	1	696
-17781.315	1	712
-17780.435	1	693
-17779.555	1	717
-17778.674	1	703
-17777.794	1	705
-17776.914	1	706
-17776.035	1	713
-17775.155	1	700
-17774.276	1	715
-17773.396	1	714
-17772.517	1	697
-17771.638	1	704
-17770.759	1	723
-17769.881	1	694
-17769.002	1	692
-17768.124	1	715
-17767.245	1	718
-17766.367	1	730
-17765.489	1	713
-17764.611	1	695
-17763.733	1	726
-17762.856	1	706
-17761.978	1	708
-17761.101	1	703
-17760.224	1	706
-17759.347	1	714
-17758.470	1	697
-17757.593	1	706
-17756.717	1	714
-17755.840	1	707
-17754.964	1	702
-17754.088	1	706
-17753.212	1	703
-17752.336	1	714
-17751.460	1	713
-17750.585	1	709
-17749.709	1	707
-17748.834	1	696
-17747.959	1	703
-17747.084	1	698
-17746.209	1	702
-17745.334	1	711
-17744.460	1	698
-17743.585	1	686
-17742.711	1	696
-17741.837	1	707
-17740.963	1	711
-17740.089	1	718
-17739.215	1	708
-17738.342	1	712
-17737.468	1	718
-17736.595	1	695
-17735.722	1	705
-17734.849	1	722
-17733.976	1	698
-17733.103	1	707
-17732.231	1	737
-17731.358	1	697
-17730.486	1	703
-17729.614	1	698
-17728.742	1	715
-17727.870	1	708
-17726.998	1	705
-17726.127	1	717
-17725.255	1	708
-17724.384	1	716
-17723.513	1	714
-17722.642	1	705
-17721.771	1	723
-17720.900	1	712
-17720.030	1	700
-17719.159	1	695
-17718.289	1	715
-17717.419	1	715
-17716.549	1	707
-17715.679	1	710
-17714.809	1	718
-17713.940	1	712
-17713.070	1	708
-17712.201	1	718
-17711.332	1	703
-17710.463	1	703
-17709.594	1	697
-17708.725	1	701
-17707.857	1	724
-17706.988	1	707
-17706.120	1	706
-17705.252	1	747
-17704.384	1	711
-17703.516	1	724
-17702.648	1	712
-17701.781	1	716
-17700.913	1	702
-17700.046	1	714
-17699.179	1	713
-17698.312	1	690
-17697.445	1	696
-17696.578	1	702
-17695.711	1	704
-17694.845	1	721
-17693.979	1	725
-17693.112	1	711
-17692.246	1	699
-17691.381	1	705
-17690.515	1	706
-17689.649	1	696
-17688.784	1	721
-17687.918	1	698
-17687.053	1	722
-17686.188	1	718
-17685.323	1	702
-17684.458	1	720
-17683.594	1	698
-17682.729	1	714
-17681.865	1	719
-17681.001	1	708
-17680.137	1	694
-17679.273	1	706
-17678.409	1	712
-17677.545	1	703
-17676.682	1	728
-17675.819	1	717
-17674.955	1	702
-17674.092	1	701
-17673.229	1	699
-17672.367	1	722
-17671.504	1	702
-17670.641	1	712
-17669.779	1	735
-17668.917	1	700
-17668.055	1	728
-17667.193	1	719
-17666.331	1	704
-17665.469	1	718
-17664.608	1	694
-17663.746	1	715
-17662.885	1	698
-17662.024	1	707
-17661.163	1	729
-17660.302	1	721
-17659.441	1	702
-17658.581	1	702
-17657.721	1	717
-17656.860	1	718
-17656.000	1	716
-17655.140	1	711
-17654.280	1	714
-17653.421	1	728
-17652.561	1	716
-17651.702	1	697
-17650.842	1	721
-17649.983	1	697
-17649.124	1	707
-17648.265	1	706
-17647.407	1	703
-17646.548	1	699
-17645.690	1	711
-17644.831	1	708
-17643.973	1	709
-17643.115	1	710
-17642.257	1	705
-17641.399	1	696
-17640.542	1	722
-17639.684	1	717
-17638.827	1	714
-17637.970	1	703
-17637.113	1	724
-17636.256	1	708
-17635.399	1	713
-17634.542	1	710
-17633.686	1	715
-17632.830	1	689
-17631.973	1	704
-17631.117	1	678
-17630.261	1	720
-17629.406	1	711
-17628.550	1	711
-17627.694	1	713
-17626.839	1	695
-17625.984	1	711
-17625.129	1	705
-17624.274	1	706
-17623.419	1	728
-17622.564	1	719
-17621.710	1	715
-17620.855	1	716
-17620.001	1	704
-17619.147	1	731
-17618.293	1	706
-17617.439	1	720
-17616.585	1	730
-17615.732	1	725
-17614.878	1	727
-17614.025	1	721
-17613.172	1	721
-17612.319	1	712
-17611.466	1	730
-17610.613	1	736
-17609.761	1	736
-17608.908	1	731
-17608.056	1	731
-17607.204	1	721
-17606.352	1	721
-17605.500	1	712
-17604.648	1	721
-17603.796	1	764
-17602.945	1	744
-17602.094	1	726
-17601.242	1	706
-17600.391	1	700
-17599.540	1	723
-17598.689	1	696
-17597.839	1	727
-17596.988	1	720
-17596.138	1	719
-17595.288	1	700
-17594.438	1	718
-17593.588	1	720
-17592.738	1	727
-17591.888	1	721
-17591.038	1	720
-17590.189	1	715
-17589.340	1	718
-17588.491	1	699
-17587.642	1	719
-17586.793	1	725
-17585.944	1	711
-17585.095	1	711
-17584.247	1	721
-17583.399	1	718
-17582.550	1	721
-17581.702	1	715
-17580.855	1	718
-17580.007	1	705
-17579.159	1	707
-17578.312	1	712
-17577.464	1	704
-17576.617	1	696
-17575.770	1	709
-17574.923	1	700
-17574.076	1	716
-17573.230	1	718
-17572.383	1	713
-17571.537	1	696
-17570.690	1	702
-17569.844	1	714
-17568.998	1	713
-17568.152	1	700
-17567.307	1	699
-17566.461	1	722
-17565.616	1	698
-17564.770	1	712
-17563.925	1	703
-17563.080	1	701
-17562.235	1	693
-17561.391	1	702
-17560.546	1	702
-17559.702	1	701
-17558.857	1	708
-17558.013	1	707
-17557.169	1	692
-17556.325	1	678
-17555.481	1	716
-17554.638	1	706
-17553.794	1	692
-17552.951	1	713
-17552.108	1	708
-17551.264	1	708
-17550.421	1	708
-17549.579	1	716
-17548.736	1	707
-17547.893	1	697
-17547.051	1	717
-17546.209	1	691
-17545.367	1	718
-17544.525	1	711
-17543.683	1	711
-17542.841	1	692
-17541.999	1	735
-17541.158	1	717
-17540.316	1	713
-17539.475	1	723
-17538.634	1	704
-17537.793	1	697
-17536.953	1	708
-17536.112	1	724
-17535.271	1	709
-17534.431	1	706
-17533.591	1	716
-17532.751	1	734
-17531.911	1	729
-17531.071	1	702
-17530.231	1	714
-17529.392	1	716
-17528.552	1	709
-17527.713	1	722
-17526.874	1	722
-17526.035	1	703
-17525.196	1	699
-17524.357	1	727
-17523.518	1	707
-17522.680	1	730
-17521.842	1	721
-17521.003	1	694
-17520.165	1	712
-17519.327	1	708
-17518.490	1	710
-17517.652	1	713
-17516.815	1	727
-17515.977	1	710
-17515.140	1	713
-17514.303	1	705
-17513.466	1	718
-17512.629	1	697
-17511.792	1	693
-17510.956	1	733
-17510.119	1	722
-17509.283	1	721
-17508.447	1	707
-17507.611	1	730
-17506.775	1	700
-17505.939	1	725
-17505.103	1	696
-17504.268	1	721
-17503.433	1	717
-17502.597	1	724
-17501.762	1	725
-17500.927	1	736
-17500.092	1	703
-17499.258	1	723
-17498.423	1	715
-17497.589	1	700
-17496.755	1	743
-17495.920	1	723
-17495.086	1	733
-17494.252	1	735
-17493.419	1	718
-17492.585	1	719
-17491.752	1	724
-17490.918	1	720
-17490.085	1	735
-17489.252	1	722
-17488.419	1	751
-17487.586	1	730
-17486.754	1	745
-17485.921	1	736
-17485.089	1	736
-17484.257	1	735
-17483.424	1	727
-17482.592	1	719
-17481.761	1	719
-17480.929	1	718
-17480.097	1	742
-17479.266	1	727
-17478.434	1	732
-17477.603	1	731
-17476.772	1	729
-17475.941	1	718
-17475.111	1	746
-17474.280	1	723
-17473.449	1	733
-17472.619	1	729
-17471.789	1	721
-17470.959	1	708
-17470.129	1	713
-17469.299	1	736
-17468.469	1	720
-17467.640	1	709
-17466.810	1	694
-17465.981	1	709
-17465.152	1	726
-17464.323	1	729
-17463.494	1	704
-17462.665	1	713
-17461.836	1	679
-17461.008	1	709
-17460.179	1	698
-17459.351	1	701
-17458.523	1	711
-17457.695	1	710
-17456.867	1	705
-17456.040	1	718
-17455.212	1	702
-17454.385	1	715
-17453.557	1	714
-17452.730	1	724
-17451.903	1	723
-17451.076	1	700
-17450.249	1	714
-17449.423	1	742
-17448.596	1	718
-17447.770	1	717
-17446.944	1	716
-17446.118	1	725
-17445.292	1	721
-17444.466	1	720
-17443.640	1	742
-17442.814	1	713
-17441.989	1	727
-17441.164	1	732
-17440.339	1	726
-17439.514	1	722
-17438.689	1	731
-17437.864	1	726
-17437.039	1	752
-17436.215	1	746
-17435.390	1	751
-17434.566	1	742
-17433.742	1	764
-17432.918	1	747
-17432.094	1	768
-17431.270	1	777
-17430.447	1	773
-17429.623	1	753
-17428.800	1	753
-17427.977	1	763
-17427.154	1	745
-17426.331	1	715
-17425.508	1	743
-17424.686	1	731
-17423.863	1	738
-17423.041	1	729
-17422.218	1	729
-17421.396	1	707
-17420.574	1	722
-17419.752	1	730
-17418.931	1	712
-17418.109	1	719
-17417.288	1	720
-17416.466	1	719
-17415.645	1	725
-17414.824	1	693
-17414.003	1	728
-17413.182	1	731
-17412.362	1	707
-17411.541	1	704
-17410.721	1	711
-17409.901	1	713
-17409.080	1	714
-17408.260	1	688
-17407.441	1	707
-17406.621	1	702
-17405.801	1	726
-17404.982	1	693
-17404.162	1	703
-17403.343	1	716
-17402.524	1	722
-17401.705	1	736
-17400.886	1	707
-17400.068	1	713
-17399.249	1	714
-17398.431	1	713
-17397.612	1	696
-17396.794	1	713
-17395.976	1	700
-17395.158	1	700
-17394.341	1	725
-17393.523	1	708
-17392.705	1	707
-17391.888	1	711
-17391.071	1	713
-17390.254	1	691
-17389.437	1	723
-17388.620	1	684
-17387.803	1	715
-17386.987	1	691
-17386.170	1	711
-17385.354	1	695
-17384.538	1	677
-17383.722	1	724
-17382.906	1	707
-17382.090	1	716
-17381.274	1	703
-17380.459	1	726
-17379.643	1	719
-17378.828	1	728
-17378.013	1	703
-17377.198	1	722
-17376.383	1	720
-17375.568	1	721
-17374.754	1	713
-17373.939	1	709
-17373.125	1	725
-17372.311	1	733
-17371.497	1	722
-17370.683	1	705
-17369.869	1	722
-17369.055	1	702
-17368.242	1	707
-17367.428	1	733
-17366.615	1	707
-17365.802	1	726
-17364.989	1	709
-17364.176	1	707
-17363.363	1	713
-17362.550	1	694
-17361.738	1	717
-17360.925	1	718
-17360.113	1	718
-17359.301	1	699
-17358.489	1	713
-17357.677	1	691
-17356.865	1	739
-17356.054	1	720
-17355.242	1	711
-17354.431	1	719
-17353.620	1	709
-17352.809	1	721
-17351.998	1	712
-17351.187	1	722
-17350.376	1	703
-17349.566	1	722
-17348.755	1	716
-17347.945	1	691
-17347.135	1	703
-17346.325	1	718
-17345.515	1	707
-17344.705	1	701
-17343.895	1	734
-17343.086	1	720
-17342.276	1	716
-17341.467	1	722
-17340.658	1	719
-17339.849	1	725
-17339.040	1	709
-17338.231	1	710
-17337.423	1	708
-17336.614	1	718
-17335.806	1	702
-17334.998	1	714
-17334.190	1	713
-17333.382	1	718
-17332.574	1	699
-17331.766	1	717
-17330.959	1	708
-17330.151	1	706
-17329.344	1	720
-17328.537	1	724
-17327.730	1	707
-17326.923	1	710
-17326.116	1	727
-17325.309	1	712
-17324.503	1	720
-17323.696	1	722
-17322.890	1	712
-17322.084	1	734
-17321.278	1	705
-17320.472	1	720
-17319.666	1	725
-17318.860	1	711
-17318.055	1	718
-17317.250	1	688
-17316.444	1	724
-17315.639	1	731
-17314.834	1	709
-17314.029	1	713
-17313.225	1	705
-17312.420	1	716
-17311.616	1	710
-17310.811	1	723
-17310.007	1	715
-17309.203	1	723
-17308.399	1	712
-17307.595	1	724
-17306.791	1	717
-17305.988	1	703
-17305.184	1	725
-17304.381	1	713
-17303.578	1	723
-17302.775	1	711
-17301.972	1	709
-17301.169	1	722
-17300.366	1	729
-17299.564	1	721
-17298.761	1	745
-17297.959	1	732
-17297.157	1	736
-17296.355	1	734
-17295.553	1	746
-17294.751	1	747
-17293.950	1	755
-17293.148	1	746
-17292.347	1	755
-17291.545	1	752
-17290.744	1	742
-17289.943	1	780
-17289.142	1	765
-17288.342	1	756
-17287.541	1	779
-17286.741	1	753
-17285.940	1	761
-17285.140	1	763
-17284.340	1	773
-17283.540	1	746
-17282.740	1	768
-17281.940	1	741
-17281.141	1	736
-17280.341	1	727
-17279.542	1	729
-17278.743	1	724
-17277.944	1	757
-17277.145	1	731
-17276.346	1	727
-17275.547	1	731
-17274.749	1	718
-17273.950	1	715
-17273.152	1	732
-17272.354	1	703
-17271.556	1	706
-17270.758	1	718
-17269.960	1	710
-17269.162	1	710
-17268.365	1	722
-17267.567	1	709
-17266.770	1	717
-17265.973	1	733
-17265.176	1	722
-17264.379	1	735
-17263.582	1	726
-17262.785	1	705
-17261.989	1	708
-17261.192	1	713
-17260.396	1	719
-17259.600	1	723
-17258.804	1	718
-17258.008	1	718
-17257.212	1	741
-17256.417	1	721
-17255.621	1	729
-17254.826	1	716
-17254.030	1	697
-17253.235	1	717
-17252.440	1	727
-17251.645	1	716
-17250.851	1	717
-17250.056	1	718
-17249.262	1	718
-17248.467	1	729
-17247.673	1	702
-17246.879	1	719
-17246.085	1	703
-17245.291	1	710
-17244.497	1	716
-17243.704	1	719
-17242.910	1	714
-17242.117	1	713
-17241.324	1	720
-17240.530	1	704
-17239.737	1	708
-17238.945	1	724
-17238.152	1	729
-17237.359	1	720
-17236.567	1	723
-17235.775	1	717
-17234.982	1	723
-17234.190	1	719
-17233.398	1	733
-17232.606	1	717
-17231.815	1	730
-17231.023	1	723
-17230.232	1	728
-17229.440	1	703
-17228.649	1	721
-17227.858	1	729
-17227.067	1	725
-17226.276	1	732
-17225.486	1	736
-17224.695	1	740
-17223.905	1	743
-17223.114	1	733
-17222.324	1	722
-17221.534	1	735
-17220.744	1	700
-17219.954	1	746
-17219.165	1	752
-17218.375	1	721
-17217.586	1	720
-17216.796	1	724
-17216.007	1	717
-17215.218	1	705
-17214.429	1	726
-17213.640	1	709
-17212.852	1	720
-17212.063	1	721
-17211.275	1	722
-17210.486	1	692
-17209.698	1	702
-17208.910	1	717
-17208.122	1	716
-17207.334	1	719
-17206.547	1	694
-17205.759	1	715
-17204.972	1	712
-17204.184	1	723
-17203.397	1	705
-17202.610	1	712
-17201.823	1	700
-17201.036	1	717
-17200.250	1	722
-17199.463	1	708
-17198.677	1	717
-17197.890	1	712
-17197.104	1	717
-17196.318	1	703
-17195.532	1	717
-17194.746	1	725
-17193.961	1	722
-17193.175	1	716
-17192.390	1	695
-17191.605	1	697
-17190.819	1	732
-17190.034	1	729
-17189.249	1	718
-17188.465	1	708
-17187.680	1	720
-17186.895	1	719
-17186.111	1	706
-17185.327	1	730
-17184.543	1	723
-17183.758	1	704
-17182.975	1	716
-17182.191	1	714
-17181.407	1	713
-17180.624	1	706
-17179.840	1	713
-17179.057	1	707
-17178.274	1	702
-17177.491	1	711
-17176.708	1	700
-17175.925	1	699
-17175.142	1	719
-17174.360	1	706
-17173.577	1	701
-17172.795	1	717
-17172.013	1	710
-17171.231	1	704
-17170.449	1	710
-17169.667	1	696
-17168.885	1	705
-17168.104	1	693
-17167.322	1	706
-17166.541	1	709
-17165.760	1	695
-17164.979	1	707
-17164.198	1	705
-17163.417	1	710
-17162.636	1	701
-17161.856	1	704
-17161.075	1	696
-17160.295	1	700
-17159.515	1	716
-17158.735	1	714
-17157.955	1	700
-17157.175	1	710
-17156.395	1	707
-17155.616	1	716
-17154.836	1	702
-17154.057	1	719
-17153.278	1	726
-17152.499	1	723
-17151.720	1	723
-17150.941	1	727
-17150.162	1	725
-17149.384	1	716
-17148.605	1	770
-17147.827	1	740
-17147.049	1	736
-17146.271	1	752
-17145.493	1	742
-17144.715	1	717
-17143.937	1	759
-17143.160	1	730
-17142.382	1	731
-17141.605	1	731
-17140.828	1	724
-17140.051	1	704
-17139.274	1	745
-17138.497	1	698
-17137.720	1	725
-17136.943	1	718
-17136.167	1	709
-17135.391	1	706
-17134.614	1	704
-17133.838	1	701
-17133.062	1	709
-17132.286	1	711
-17131.511	1	708
-17130.735	1	716
-17129.960	1	700
-17129.184	1	711
-17128.409	1	694
-17127.634	1	703
-17126.859	1	702
-17126.084	1	708
-17125.309	1	695
-17124.535	1	691
-17123.760	1	702
-17122.986	1	708
-17122.212	1	701
-17121.437	1	692
-17120.663	1	696
-17119.890	1	681
-17119.116	1	701
-17118.342	1	683
-17117.569	1	690
-17116.795	1	706
-17116.022	1	713
-17115.249	1	689
-17114.476	1	690
-17113.703	1	694
-17112.930	1	694
-17112.157	1	697
-17111.385	1	692
-17110.613	1	695
-17109.840	1	692
-17109.068	1	693
-17108.296	1	689
-17107.524	1	696
-17106.752	1	703
-17105.981	1	685
-17105.209	1	681
-17104.438	1	694
-17103.666	1	698
-17102.895	1	709
-17102.124	1	695
-17101.353	1	700
-17100.582	1	701
-17099.812	1	694
-17099.041	1	687
-17098.271	1	696
-17097.500	1	684
-17096.730	1	699
-17095.960	1	693
-17095.190	1	686
-17094.420	1	669
-17093.650	1	693
-17092.881	1	697
